0.000000  10.446180
0.000020  12.496340
0.000040  14.955680
0.000060  17.890760
0.000080  21.392200
0.000100  25.602400
0.000120  30.627000
0.000140  36.638000
0.000160  43.828600
0.000180  52.454200
0.000200  62.748800
0.000220  75.064000
0.000240  89.796000
0.000260  107.468200
0.000280  128.501400
0.000300  153.721200
0.000320  183.974200
0.000340  219.980000
0.000360  263.274000
0.000380  314.944000
0.000400  376.754000
0.000420  450.696000
0.000440  539.148000
0.000460  644.668000
0.000480  771.190000
0.000500  922.544000
0.000520  1104.104000
0.000540  1319.592000
0.000560  1578.576000
0.000580  1889.246000
0.000600  2260.020000
0.000620  2704.820000
0.000640  3235.660000
0.000660  3640.180000
0.000680  4017.780000
0.000700  4346.680000
0.000720  4580.080000
0.000740  4670.540000
0.000760  4762.780000
0.000780  4702.500000
0.000800  4551.020000
0.000820  4317.140000
0.000840  3963.320000
0.000860  3640.180000
0.000880  3191.800000
0.000900  2782.180000
0.000920  2393.340000
0.000940  2018.040000
0.000960  1690.794000
0.000980  1398.064000
0.001000  1133.618000
0.001020  936.920000
0.001040  764.902000
0.001060  616.284000
0.001080  503.134000
0.001100  413.384000
0.001120  341.656000
0.001140  282.504000
0.001160  233.592000
0.001180  195.624200
0.001200  161.901600
0.001220  137.386000
0.001240  115.843000
0.001260  100.930200
0.001280  85.725200
0.001300  74.689600
0.001320  64.661200
0.001340  57.085000
0.001360  49.735800
0.001380  44.471200
0.001400  39.818000
0.001420  35.587000
0.001440  32.271600
0.001460  29.053200
0.001480  26.672200
0.001500  24.665200
0.001520  22.788400
0.001540  21.208200
0.001560  19.863800
0.001580  18.851560
0.001600  17.528400
0.001620  16.741400
0.001640  15.787460
0.001660  14.982840
0.001680  14.408160
0.001700  13.667720
0.001720  13.311880
0.001740  12.801220
0.001760  12.388820
0.001780  11.908140
0.001800  11.451320
0.001820  11.082420
0.001840  10.798820
0.001860  10.652500
0.001880  10.379820
0.001900  10.109600
0.001920  9.909340
0.001940  9.717420
0.001960  9.529200
0.001980  9.344640
0.002000  9.163640
0.002020  9.163640
0.002040  9.047720
0.002060  8.986220
0.002080  8.692720
0.002100  8.692720
0.002120  8.582740
0.002140  8.524340
0.002160  8.416500
0.002180  8.466400
0.002200  8.359300
0.002220  8.249740
0.002240  8.141660
0.002260  8.197400
0.002280  8.141660
0.002300  8.141660
0.002320  7.983980
0.002340  8.038620
0.002360  8.038620
0.002380  8.038620
0.002400  7.933320
0.002420  7.933320
0.002440  7.829340
0.002460  7.829340
0.002480  7.879340
0.002500  7.776120
0.002520  7.776120
0.002540  7.879340
0.002560  7.829340
0.002580  7.829340
0.002600  7.829340
0.002620  7.776120
0.002640  7.776120
0.002660  7.776120
0.002680  7.730240
0.002700  7.829340
0.002720  7.776120
0.002740  7.829340
0.002760  7.776120
0.002780  7.776120
0.002800  7.730240
0.002820  7.776120
0.002840  7.677700
0.002860  7.677700
0.002880  7.829340
0.002900  7.677700
0.002920  7.776120
0.002940  7.730240
0.002960  7.776120
0.002980  7.829340
0.003000  7.730240
0.00302  7.73343522353
0.00304  7.73663044706
0.00306  7.73982567059
0.00308  7.74302089412
0.0031  7.74621611765
0.00312  7.74941134118
0.00314  7.75260656471
0.00316  7.75580178824
0.00318  7.75899701176
0.0032  7.76219223529
0.00322  7.76538745882
0.00324  7.76858268235
0.00326  7.77177790588
0.00328  7.77497312941
0.0033  7.77816835294
0.00332  7.78136357647
0.00334  7.7845588
0.00336  7.78775402353
0.00338  7.79094924706
0.0034  7.79414447059
0.00342  7.79733969412
0.00344  7.80053491765
0.00346  7.80373014118
0.00348  7.80692536471
0.0035  7.81012058824
0.00352  7.81331581176
0.00354  7.81651103529
0.00356  7.81970625882
0.00358  7.82290148235
0.0036  7.82609670588
0.00362  7.82929192941
0.00364  7.83248715294
0.00366  7.83568237647
0.00368  7.8388776
0.0037  7.84207282353
0.00372  7.84526804706
0.00374  7.84846327059
0.00376  7.85165849412
0.00378  7.85485371765
0.0038  7.85804894118
0.00382  7.86124416471
0.00384  7.86443938824
0.00386  7.86763461176
0.00388  7.87082983529
0.0039  7.87402505882
0.00392  7.87722028235
0.00394  7.88041550588
0.00396  7.88361072941
0.00398  7.88680595294
0.004  7.89000117647
0.00402  7.8931964
0.00404  7.89639162353
0.00406  7.89958684706
0.00408  7.90278207059
0.0041  7.90597729412
0.00412  7.90917251765
0.00414  7.91236774118
0.00416  7.91556296471
0.00418  7.91875818824
0.0042  7.92195341176
0.00422  7.92514863529
0.00424  7.92834385882
0.00426  7.93153908235
0.00428  7.93473430588
0.0043  7.93792952941
0.00432  7.94112475294
0.00434  7.94431997647
0.00436  7.9475152
0.00438  7.95071042353
0.0044  7.95390564706
0.00442  7.95710087059
0.00444  7.96029609412
0.00446  7.96349131765
0.00448  7.96668654118
0.0045  7.96988176471
0.00452  7.97307698824
0.00454  7.97627221176
0.00456  7.97946743529
0.00458  7.98266265882
0.0046  7.98585788235
0.00462  7.98905310588
0.00464  7.99224832941
0.00466  7.99544355294
0.00468  7.99863877647
0.0047  8.001834
0.00472  8.00502922353
0.00474  8.00822444706
0.00476  8.01141967059
0.00478  8.01461489412
0.0048  8.01781011765
0.00482  8.02100534118
0.00484  8.02420056471
0.00486  8.02739578824
0.00488  8.03059101176
0.0049  8.03378623529
0.00492  8.03698145882
0.00494  8.04017668235
0.00496  8.04337190588
0.00498  8.04656712941
0.005  8.04976235294
0.00502  8.05295757647
0.00504  8.0561528
0.00506  8.05934802353
0.00508  8.06254324706
0.0051  8.06573847059
0.00512  8.06893369412
0.00514  8.07212891765
0.00516  8.07532414118
0.00518  8.07851936471
0.0052  8.08171458824
0.00522  8.08490981176
0.00524  8.08810503529
0.00526  8.09130025882
0.00528  8.09449548235
0.0053  8.09769070588
0.00532  8.10088592941
0.00534  8.10408115294
0.00536  8.10727637647
0.00538  8.1104716
0.0054  8.11366682353
0.00542  8.11686204706
0.00544  8.12005727059
0.00546  8.12325249412
0.00548  8.12644771765
0.0055  8.12964294118
0.00552  8.13283816471
0.00554  8.13603338824
0.00556  8.13922861176
0.00558  8.14242383529
0.0056  8.14561905882
0.00562  8.14881428235
0.00564  8.15200950588
0.00566  8.15520472941
0.00568  8.15839995294
0.0057  8.16159517647
0.00572  8.1647904
0.00574  8.16798562353
0.00576  8.17118084706
0.00578  8.17437607059
0.0058  8.17757129412
0.00582  8.18076651765
0.00584  8.18396174118
0.00586  8.18715696471
0.00588  8.19035218824
0.0059  8.19354741176
0.00592  8.19674263529
0.00594  8.19993785882
0.00596  8.20313308235
0.00598  8.20632830588
0.006  8.20952352941
0.00602  8.21271875294
0.00604  8.21591397647
0.00606  8.2191092
0.00608  8.22230442353
0.0061  8.22549964706
0.00612  8.22869487059
0.00614  8.23189009412
0.00616  8.23508531765
0.00618  8.23828054118
0.0062  8.24147576471
0.00622  8.24467098824
0.00624  8.24786621176
0.00626  8.25106143529
0.00628  8.25425665882
0.0063  8.25745188235
0.00632  8.26064710588
0.00634  8.26384232941
0.00636  8.26703755294
0.00638  8.27023277647
0.0064  8.273428
0.00642  8.27662322353
0.00644  8.27981844706
0.00646  8.28301367059
0.00648  8.28620889412
0.0065  8.28940411765
0.00652  8.29259934118
0.00654  8.29579456471
0.00656  8.29898978824
0.00658  8.30218501176
0.0066  8.30538023529
0.00662  8.30857545882
0.00664  8.31177068235
0.00666  8.31496590588
0.00668  8.31816112941
0.0067  8.32135635294
0.00672  8.32455157647
0.00674  8.3277468
0.00676  8.33094202353
0.00678  8.33413724706
0.0068  8.33733247059
0.00682  8.34052769412
0.00684  8.34372291765
0.00686  8.34691814118
0.00688  8.35011336471
0.0069  8.35330858824
0.00692  8.35650381176
0.00694  8.35969903529
0.00696  8.36289425882
0.00698  8.36608948235
0.007  8.36928470588
0.00702  8.37247992941
0.00704  8.37567515294
0.00706  8.37887037647
0.00708  8.3820656
0.0071  8.38526082353
0.00712  8.38845604706
0.00714  8.39165127059
0.00716  8.39484649412
0.00718  8.39804171765
0.0072  8.40123694118
0.00722  8.40443216471
0.00724  8.40762738824
0.00726  8.41082261176
0.00728  8.41401783529
0.0073  8.41721305882
0.00732  8.42040828235
0.00734  8.42360350588
0.00736  8.42679872941
0.00738  8.42999395294
0.0074  8.43318917647
0.00742  8.4363844
0.00744  8.43957962353
0.00746  8.44277484706
0.00748  8.44597007059
0.0075  8.44916529412
0.00752  8.45236051765
0.00754  8.45555574118
0.00756  8.45875096471
0.00758  8.46194618824
0.0076  8.46514141176
0.00762  8.46833663529
0.00764  8.47153185882
0.00766  8.47472708235
0.00768  8.47792230588
0.0077  8.48111752941
0.00772  8.48431275294
0.00774  8.48750797647
0.00776  8.4907032
0.00778  8.49389842353
0.0078  8.49709364706
0.00782  8.50028887059
0.00784  8.50348409412
0.00786  8.50667931765
0.00788  8.50987454118
0.0079  8.51306976471
0.00792  8.51626498824
0.00794  8.51946021176
0.00796  8.52265543529
0.00798  8.52585065882
0.008  8.52904588235
0.00802  8.53224110588
0.00804  8.53543632941
0.00806  8.53863155294
0.00808  8.54182677647
0.0081  8.545022
0.00812  8.54821722353
0.00814  8.55141244706
0.00816  8.55460767059
0.00818  8.55780289412
0.0082  8.56099811765
0.00822  8.56419334118
0.00824  8.56738856471
0.00826  8.57058378824
0.00828  8.57377901176
0.0083  8.57697423529
0.00832  8.58016945882
0.00834  8.58336468235
0.00836  8.58655990588
0.00838  8.58975512941
0.0084  8.59295035294
0.00842  8.59614557647
0.00844  8.5993408
0.00846  8.60253602353
0.00848  8.60573124706
0.0085  8.60892647059
0.00852  8.61212169412
0.00854  8.61531691765
0.00856  8.61851214118
0.00858  8.62170736471
0.0086  8.62490258824
0.00862  8.62809781176
0.00864  8.63129303529
0.00866  8.63448825882
0.00868  8.63768348235
0.0087  8.64087870588
0.00872  8.64407392941
0.00874  8.64726915294
0.00876  8.65046437647
0.00878  8.6536596
0.0088  8.65685482353
0.00882  8.66005004706
0.00884  8.66324527059
0.00886  8.66644049412
0.00888  8.66963571765
0.0089  8.67283094118
0.00892  8.67602616471
0.00894  8.67922138824
0.00896  8.68241661176
0.00898  8.68561183529
0.009  8.68880705882
0.00902  8.69200228235
0.00904  8.69519750588
0.00906  8.69839272941
0.00908  8.70158795294
0.0091  8.70478317647
0.00912  8.7079784
0.00914  8.71117362353
0.00916  8.71436884706
0.00918  8.71756407059
0.0092  8.72075929412
0.00922  8.72395451765
0.00924  8.72714974118
0.00926  8.73034496471
0.00928  8.73354018824
0.0093  8.73673541176
0.00932  8.73993063529
0.00934  8.74312585882
0.00936  8.74632108235
0.00938  8.74951630588
0.0094  8.75271152941
0.00942  8.75590675294
0.00944  8.75910197647
0.00946  8.7622972
0.00948  8.76549242353
0.0095  8.76868764706
0.00952  8.77188287059
0.00954  8.77507809412
0.00956  8.77827331765
0.00958  8.78146854118
0.0096  8.78466376471
0.00962  8.78785898824
0.00964  8.79105421176
0.00966  8.79424943529
0.00968  8.79744465882
0.0097  8.80063988235
0.00972  8.80383510588
0.00974  8.80703032941
0.00976  8.81022555294
0.00978  8.81342077647
0.0098  8.816616
0.00982  8.81981122353
0.00984  8.82300644706
0.00986  8.82620167059
0.00988  8.82939689412
0.0099  8.83259211765
0.00992  8.83578734118
0.00994  8.83898256471
0.00996  8.84217778824
0.00998  8.84537301176
0.01  8.84856823529
0.01002  8.85176345882
0.01004  8.85495868235
0.01006  8.85815390588
0.01008  8.86134912941
0.0101  8.86454435294
0.01012  8.86773957647
0.01014  8.8709348
0.01016  8.87413002353
0.01018  8.87732524706
0.0102  8.88052047059
0.01022  8.88371569412
0.01024  8.88691091765
0.01026  8.89010614118
0.01028  8.89330136471
0.0103  8.89649658824
0.01032  8.89969181176
0.01034  8.90288703529
0.01036  8.90608225882
0.01038  8.90927748235
0.0104  8.91247270588
0.01042  8.91566792941
0.01044  8.91886315294
0.01046  8.92205837647
0.01048  8.9252536
0.0105  8.92844882353
0.01052  8.93164404706
0.01054  8.93483927059
0.01056  8.93803449412
0.01058  8.94122971765
0.0106  8.94442494118
0.01062  8.94762016471
0.01064  8.95081538824
0.01066  8.95401061176
0.01068  8.95720583529
0.0107  8.96040105882
0.01072  8.96359628235
0.01074  8.96679150588
0.01076  8.96998672941
0.01078  8.97318195294
0.0108  8.97637717647
0.01082  8.9795724
0.01084  8.98276762353
0.01086  8.98596284706
0.01088  8.98915807059
0.0109  8.99235329412
0.01092  8.99554851765
0.01094  8.99874374118
0.01096  9.00193896471
0.01098  9.00513418824
0.011  9.00832941176
0.01102  9.01152463529
0.01104  9.01471985882
0.01106  9.01791508235
0.01108  9.02111030588
0.0111  9.02430552941
0.01112  9.02750075294
0.01114  9.03069597647
0.01116  9.0338912
0.01118  9.03708642353
0.0112  9.04028164706
0.01122  9.04347687059
0.01124  9.04667209412
0.01126  9.04986731765
0.01128  9.05306254118
0.0113  9.05625776471
0.01132  9.05945298824
0.01134  9.06264821176
0.01136  9.06584343529
0.01138  9.06903865882
0.0114  9.07223388235
0.01142  9.07542910588
0.01144  9.07862432941
0.01146  9.08181955294
0.01148  9.08501477647
0.0115  9.08821
0.01152  9.09140522353
0.01154  9.09460044706
0.01156  9.09779567059
0.01158  9.10099089412
0.0116  9.10418611765
0.01162  9.10738134118
0.01164  9.11057656471
0.01166  9.11377178824
0.01168  9.11696701176
0.0117  9.12016223529
0.01172  9.12335745882
0.01174  9.12655268235
0.01176  9.12974790588
0.01178  9.13294312941
0.0118  9.13613835294
0.01182  9.13933357647
0.01184  9.1425288
0.01186  9.14572402353
0.01188  9.14891924706
0.0119  9.15211447059
0.01192  9.15530969412
0.01194  9.15850491765
0.01196  9.16170014118
0.01198  9.16489536471
0.012  9.16809058824
0.01202  9.17128581176
0.01204  9.17448103529
0.01206  9.17767625882
0.01208  9.18087148235
0.0121  9.18406670588
0.01212  9.18726192941
0.01214  9.19045715294
0.01216  9.19365237647
0.01218  9.1968476
0.0122  9.20004282353
0.01222  9.20323804706
0.01224  9.20643327059
0.01226  9.20962849412
0.01228  9.21282371765
0.0123  9.21601894118
0.01232  9.21921416471
0.01234  9.22240938824
0.01236  9.22560461176
0.01238  9.22879983529
0.0124  9.23199505882
0.01242  9.23519028235
0.01244  9.23838550588
0.01246  9.24158072941
0.01248  9.24477595294
0.0125  9.24797117647
0.01252  9.2511664
0.01254  9.25436162353
0.01256  9.25755684706
0.01258  9.26075207059
0.0126  9.26394729412
0.01262  9.26714251765
0.01264  9.27033774118
0.01266  9.27353296471
0.01268  9.27672818824
0.0127  9.27992341176
0.01272  9.28311863529
0.01274  9.28631385882
0.01276  9.28950908235
0.01278  9.29270430588
0.0128  9.29589952941
0.01282  9.29909475294
0.01284  9.30228997647
0.01286  9.3054852
0.01288  9.30868042353
0.0129  9.31187564706
0.01292  9.31507087059
0.01294  9.31826609412
0.01296  9.32146131765
0.01298  9.32465654118
0.013  9.32785176471
0.01302  9.33104698824
0.01304  9.33424221176
0.01306  9.33743743529
0.01308  9.34063265882
0.0131  9.34382788235
0.01312  9.34702310588
0.01314  9.35021832941
0.01316  9.35341355294
0.01318  9.35660877647
0.0132  9.359804
0.01322  9.36299922353
0.01324  9.36619444706
0.01326  9.36938967059
0.01328  9.37258489412
0.0133  9.37578011765
0.01332  9.37897534118
0.01334  9.38217056471
0.01336  9.38536578824
0.01338  9.38856101176
0.0134  9.39175623529
0.01342  9.39495145882
0.01344  9.39814668235
0.01346  9.40134190588
0.01348  9.40453712941
0.0135  9.40773235294
0.01352  9.41092757647
0.01354  9.4141228
0.01356  9.41731802353
0.01358  9.42051324706
0.0136  9.42370847059
0.01362  9.42690369412
0.01364  9.43009891765
0.01366  9.43329414118
0.01368  9.43648936471
0.0137  9.43968458824
0.01372  9.44287981176
0.01374  9.44607503529
0.01376  9.44927025882
0.01378  9.45246548235
0.0138  9.45566070588
0.01382  9.45885592941
0.01384  9.46205115294
0.01386  9.46524637647
0.01388  9.4684416
0.0139  9.47163682353
0.01392  9.47483204706
0.01394  9.47802727059
0.01396  9.48122249412
0.01398  9.48441771765
0.014  9.48761294118
0.01402  9.49080816471
0.01404  9.49400338824
0.01406  9.49719861176
0.01408  9.50039383529
0.0141  9.50358905882
0.01412  9.50678428235
0.01414  9.50997950588
0.01416  9.51317472941
0.01418  9.51636995294
0.0142  9.51956517647
0.01422  9.5227604
0.01424  9.52595562353
0.01426  9.52915084706
0.01428  9.53234607059
0.0143  9.53554129412
0.01432  9.53873651765
0.01434  9.54193174118
0.01436  9.54512696471
0.01438  9.54832218824
0.0144  9.55151741176
0.01442  9.55471263529
0.01444  9.55790785882
0.01446  9.56110308235
0.01448  9.56429830588
0.0145  9.56749352941
0.01452  9.57068875294
0.01454  9.57388397647
0.01456  9.5770792
0.01458  9.58027442353
0.0146  9.58346964706
0.01462  9.58666487059
0.01464  9.58986009412
0.01466  9.59305531765
0.01468  9.59625054118
0.0147  9.59944576471
0.01472  9.60264098824
0.01474  9.60583621176
0.01476  9.60903143529
0.01478  9.61222665882
0.0148  9.61542188235
0.01482  9.61861710588
0.01484  9.62181232941
0.01486  9.62500755294
0.01488  9.62820277647
0.0149  9.631398
0.01492  9.63459322353
0.01494  9.63778844706
0.01496  9.64098367059
0.01498  9.64417889412
0.015  9.64737411765
0.01502  9.65056934118
0.01504  9.65376456471
0.01506  9.65695978824
0.01508  9.66015501176
0.0151  9.66335023529
0.01512  9.66654545882
0.01514  9.66974068235
0.01516  9.67293590588
0.01518  9.67613112941
0.0152  9.67932635294
0.01522  9.68252157647
0.01524  9.6857168
0.01526  9.68891202353
0.01528  9.69210724706
0.0153  9.69530247059
0.01532  9.69849769412
0.01534  9.70169291765
0.01536  9.70488814118
0.01538  9.70808336471
0.0154  9.71127858824
0.01542  9.71447381176
0.01544  9.71766903529
0.01546  9.72086425882
0.01548  9.72405948235
0.0155  9.72725470588
0.01552  9.73044992941
0.01554  9.73364515294
0.01556  9.73684037647
0.01558  9.7400356
0.0156  9.74323082353
0.01562  9.74642604706
0.01564  9.74962127059
0.01566  9.75281649412
0.01568  9.75601171765
0.0157  9.75920694118
0.01572  9.76240216471
0.01574  9.76559738824
0.01576  9.76879261176
0.01578  9.77198783529
0.0158  9.77518305882
0.01582  9.77837828235
0.01584  9.78157350588
0.01586  9.78476872941
0.01588  9.78796395294
0.0159  9.79115917647
0.01592  9.7943544
0.01594  9.79754962353
0.01596  9.80074484706
0.01598  9.80394007059
0.016  9.80713529412
0.01602  9.81033051765
0.01604  9.81352574118
0.01606  9.81672096471
0.01608  9.81991618824
0.0161  9.82311141176
0.01612  9.82630663529
0.01614  9.82950185882
0.01616  9.83269708235
0.01618  9.83589230588
0.0162  9.83908752941
0.01622  9.84228275294
0.01624  9.84547797647
0.01626  9.8486732
0.01628  9.85186842353
0.0163  9.85506364706
0.01632  9.85825887059
0.01634  9.86145409412
0.01636  9.86464931765
0.01638  9.86784454118
0.0164  9.87103976471
0.01642  9.87423498824
0.01644  9.87743021176
0.01646  9.88062543529
0.01648  9.88382065882
0.0165  9.88701588235
0.01652  9.89021110588
0.01654  9.89340632941
0.01656  9.89660155294
0.01658  9.89979677647
0.0166  9.902992
0.01662  9.90618722353
0.01664  9.90938244706
0.01666  9.91257767059
0.01668  9.91577289412
0.0167  9.91896811765
0.01672  9.92216334118
0.01674  9.92535856471
0.01676  9.92855378824
0.01678  9.93174901176
0.0168  9.93494423529
0.01682  9.93813945882
0.01684  9.94133468235
0.01686  9.94452990588
0.01688  9.94772512941
0.0169  9.95092035294
0.01692  9.95411557647
0.01694  9.9573108
0.01696  9.96050602353
0.01698  9.96370124706
0.017  9.96689647059
0.01702  9.97009169412
0.01704  9.97328691765
0.01706  9.97648214118
0.01708  9.97967736471
0.0171  9.98287258824
0.01712  9.98606781176
0.01714  9.98926303529
0.01716  9.99245825882
0.01718  9.99565348235
0.0172  9.99884870588
0.01722  10.0020439294
0.01724  10.0052391529
0.01726  10.0084343765
0.01728  10.0116296
0.0173  10.0148248235
0.01732  10.0180200471
0.01734  10.0212152706
0.01736  10.0244104941
0.01738  10.0276057176
0.0174  10.0308009412
0.01742  10.0339961647
0.01744  10.0371913882
0.01746  10.0403866118
0.01748  10.0435818353
0.0175  10.0467770588
0.01752  10.0499722824
0.01754  10.0531675059
0.01756  10.0563627294
0.01758  10.0595579529
0.0176  10.0627531765
0.01762  10.0659484
0.01764  10.0691436235
0.01766  10.0723388471
0.01768  10.0755340706
0.0177  10.0787292941
0.01772  10.0819245176
0.01774  10.0851197412
0.01776  10.0883149647
0.01778  10.0915101882
0.0178  10.0947054118
0.01782  10.0979006353
0.01784  10.1010958588
0.01786  10.1042910824
0.01788  10.1074863059
0.0179  10.1106815294
0.01792  10.1138767529
0.01794  10.1170719765
0.01796  10.1202672
0.01798  10.1234624235
0.018  10.1266576471
0.01802  10.1298528706
0.01804  10.1330480941
0.01806  10.1362433176
0.01808  10.1394385412
0.0181  10.1426337647
0.01812  10.1458289882
0.01814  10.1490242118
0.01816  10.1522194353
0.01818  10.1554146588
0.0182  10.1586098824
0.01822  10.1618051059
0.01824  10.1650003294
0.01826  10.1681955529
0.01828  10.1713907765
0.0183  10.174586
0.01832  10.1777812235
0.01834  10.1809764471
0.01836  10.1841716706
0.01838  10.1873668941
0.0184  10.1905621176
0.01842  10.1937573412
0.01844  10.1969525647
0.01846  10.2001477882
0.01848  10.2033430118
0.0185  10.2065382353
0.01852  10.2097334588
0.01854  10.2129286824
0.01856  10.2161239059
0.01858  10.2193191294
0.0186  10.2225143529
0.01862  10.2257095765
0.01864  10.2289048
0.01866  10.2321000235
0.01868  10.2352952471
0.0187  10.2384904706
0.01872  10.2416856941
0.01874  10.2448809176
0.01876  10.2480761412
0.01878  10.2512713647
0.0188  10.2544665882
0.01882  10.2576618118
0.01884  10.2608570353
0.01886  10.2640522588
0.01888  10.2672474824
0.0189  10.2704427059
0.01892  10.2736379294
0.01894  10.2768331529
0.01896  10.2800283765
0.01898  10.2832236
0.019  10.2864188235
0.01902  10.2896140471
0.01904  10.2928092706
0.01906  10.2960044941
0.01908  10.2991997176
0.0191  10.3023949412
0.01912  10.3055901647
0.01914  10.3087853882
0.01916  10.3119806118
0.01918  10.3151758353
0.0192  10.3183710588
0.01922  10.3215662824
0.01924  10.3247615059
0.01926  10.3279567294
0.01928  10.3311519529
0.0193  10.3343471765
0.01932  10.3375424
0.01934  10.3407376235
0.01936  10.3439328471
0.01938  10.3471280706
0.0194  10.3503232941
0.01942  10.3535185176
0.01944  10.3567137412
0.01946  10.3599089647
0.01948  10.3631041882
0.0195  10.3662994118
0.01952  10.3694946353
0.01954  10.3726898588
0.01956  10.3758850824
0.01958  10.3790803059
0.0196  10.3822755294
0.01962  10.3854707529
0.01964  10.3886659765
0.01966  10.3918612
0.01968  10.3950564235
0.0197  10.3982516471
0.01972  10.4014468706
0.01974  10.4046420941
0.01976  10.4078373176
0.01978  10.4110325412
0.0198  10.4142277647
0.01982  10.4174229882
0.01984  10.4206182118
0.01986  10.4238134353
0.01988  10.4270086588
0.0199  10.4302038824
0.01992  10.4333991059
0.01994  10.4365943294
0.01996  10.4397895529
0.01998  10.4429847765
0.02  10.446180
0.02002  12.496340
0.02004  14.955680
0.02006  17.890760
0.02008  21.392200
0.0201  25.602400
0.02012  30.627000
0.02014  36.638000
0.02016  43.828600
0.02018  52.454200
0.0202  62.748800
0.02022  75.064000
0.02024  89.796000
0.02026  107.468200
0.02028  128.501400
0.0203  153.721200
0.02032  183.974200
0.02034  219.980000
0.02036  263.274000
0.02038  314.944000
0.0204  376.754000
0.02042  450.696000
0.02044  539.148000
0.02046  644.668000
0.02048  771.190000
0.0205  922.544000
0.02052  1104.104000
0.02054  1319.592000
0.02056  1578.576000
0.02058  1889.246000
0.0206  2260.020000
0.02062  2704.820000
0.02064  3235.660000
0.02066  3640.180000
0.02068  4017.780000
0.0207  4346.680000
0.02072  4580.080000
0.02074  4670.540000
0.02076  4762.780000
0.02078  4702.500000
0.0208  4551.020000
0.02082  4317.140000
0.02084  3963.320000
0.02086  3640.180000
0.02088  3191.800000
0.0209  2782.180000
0.02092  2393.340000
0.02094  2018.040000
0.02096  1690.794000
0.02098  1398.064000
0.021  1133.618000
0.02102  936.920000
0.02104  764.902000
0.02106  616.284000
0.02108  503.134000
0.0211  413.384000
0.02112  341.656000
0.02114  282.504000
0.02116  233.592000
0.02118  195.624200
0.0212  161.901600
0.02122  137.386000
0.02124  115.843000
0.02126  100.930200
0.02128  85.725200
0.0213  74.689600
0.02132  64.661200
0.02134  57.085000
0.02136  49.735800
0.02138  44.471200
0.0214  39.818000
0.02142  35.587000
0.02144  32.271600
0.02146  29.053200
0.02148  26.672200
0.0215  24.665200
0.02152  22.788400
0.02154  21.208200
0.02156  19.863800
0.02158  18.851560
0.0216  17.528400
0.02162  16.741400
0.02164  15.787460
0.02166  14.982840
0.02168  14.408160
0.0217  13.667720
0.02172  13.311880
0.02174  12.801220
0.02176  12.388820
0.02178  11.908140
0.0218  11.451320
0.02182  11.082420
0.02184  10.798820
0.02186  10.652500
0.02188  10.379820
0.0219  10.109600
0.02192  9.909340
0.02194  9.717420
0.02196  9.529200
0.02198  9.344640
0.022  9.163640
0.02202  9.163640
0.02204  9.047720
0.02206  8.986220
0.02208  8.692720
0.0221  8.692720
0.02212  8.582740
0.02214  8.524340
0.02216  8.416500
0.02218  8.466400
0.0222  8.359300
0.02222  8.249740
0.02224  8.141660
0.02226  8.197400
0.02228  8.141660
0.0223  8.141660
0.02232  7.983980
0.02234  8.038620
0.02236  8.038620
0.02238  8.038620
0.0224  7.933320
0.02242  7.933320
0.02244  7.829340
0.02246  7.829340
0.02248  7.879340
0.0225  7.776120
0.02252  7.776120
0.02254  7.879340
0.02256  7.829340
0.02258  7.829340
0.0226  7.829340
0.02262  7.776120
0.02264  7.776120
0.02266  7.776120
0.02268  7.730240
0.0227  7.829340
0.02272  7.776120
0.02274  7.829340
0.02276  7.776120
0.02278  7.776120
0.0228  7.730240
0.02282  7.776120
0.02284  7.677700
0.02286  7.677700
0.02288  7.829340
0.0229  7.677700
0.02292  7.776120
0.02294  7.730240
0.02296  7.776120
0.02298  7.829340
0.023  7.730240
0.02302  7.73343522353
0.02304  7.73663044706
0.02306  7.73982567059
0.02308  7.74302089412
0.0231  7.74621611765
0.02312  7.74941134118
0.02314  7.75260656471
0.02316  7.75580178824
0.02318  7.75899701176
0.0232  7.76219223529
0.02322  7.76538745882
0.02324  7.76858268235
0.02326  7.77177790588
0.02328  7.77497312941
0.0233  7.77816835294
0.02332  7.78136357647
0.02334  7.7845588
0.02336  7.78775402353
0.02338  7.79094924706
0.0234  7.79414447059
0.02342  7.79733969412
0.02344  7.80053491765
0.02346  7.80373014118
0.02348  7.80692536471
0.0235  7.81012058824
0.02352  7.81331581176
0.02354  7.81651103529
0.02356  7.81970625882
0.02358  7.82290148235
0.0236  7.82609670588
0.02362  7.82929192941
0.02364  7.83248715294
0.02366  7.83568237647
0.02368  7.8388776
0.0237  7.84207282353
0.02372  7.84526804706
0.02374  7.84846327059
0.02376  7.85165849412
0.02378  7.85485371765
0.0238  7.85804894118
0.02382  7.86124416471
0.02384  7.86443938824
0.02386  7.86763461176
0.02388  7.87082983529
0.0239  7.87402505882
0.02392  7.87722028235
0.02394  7.88041550588
0.02396  7.88361072941
0.02398  7.88680595294
0.024  7.89000117647
0.02402  7.8931964
0.02404  7.89639162353
0.02406  7.89958684706
0.02408  7.90278207059
0.0241  7.90597729412
0.02412  7.90917251765
0.02414  7.91236774118
0.02416  7.91556296471
0.02418  7.91875818824
0.0242  7.92195341176
0.02422  7.92514863529
0.02424  7.92834385882
0.02426  7.93153908235
0.02428  7.93473430588
0.0243  7.93792952941
0.02432  7.94112475294
0.02434  7.94431997647
0.02436  7.9475152
0.02438  7.95071042353
0.0244  7.95390564706
0.02442  7.95710087059
0.02444  7.96029609412
0.02446  7.96349131765
0.02448  7.96668654118
0.0245  7.96988176471
0.02452  7.97307698824
0.02454  7.97627221176
0.02456  7.97946743529
0.02458  7.98266265882
0.0246  7.98585788235
0.02462  7.98905310588
0.02464  7.99224832941
0.02466  7.99544355294
0.02468  7.99863877647
0.0247  8.001834
0.02472  8.00502922353
0.02474  8.00822444706
0.02476  8.01141967059
0.02478  8.01461489412
0.0248  8.01781011765
0.02482  8.02100534118
0.02484  8.02420056471
0.02486  8.02739578824
0.02488  8.03059101176
0.0249  8.03378623529
0.02492  8.03698145882
0.02494  8.04017668235
0.02496  8.04337190588
0.02498  8.04656712941
0.025  8.04976235294
0.02502  8.05295757647
0.02504  8.0561528
0.02506  8.05934802353
0.02508  8.06254324706
0.0251  8.06573847059
0.02512  8.06893369412
0.02514  8.07212891765
0.02516  8.07532414118
0.02518  8.07851936471
0.0252  8.08171458824
0.02522  8.08490981176
0.02524  8.08810503529
0.02526  8.09130025882
0.02528  8.09449548235
0.0253  8.09769070588
0.02532  8.10088592941
0.02534  8.10408115294
0.02536  8.10727637647
0.02538  8.1104716
0.0254  8.11366682353
0.02542  8.11686204706
0.02544  8.12005727059
0.02546  8.12325249412
0.02548  8.12644771765
0.0255  8.12964294118
0.02552  8.13283816471
0.02554  8.13603338824
0.02556  8.13922861176
0.02558  8.14242383529
0.0256  8.14561905882
0.02562  8.14881428235
0.02564  8.15200950588
0.02566  8.15520472941
0.02568  8.15839995294
0.0257  8.16159517647
0.02572  8.1647904
0.02574  8.16798562353
0.02576  8.17118084706
0.02578  8.17437607059
0.0258  8.17757129412
0.02582  8.18076651765
0.02584  8.18396174118
0.02586  8.18715696471
0.02588  8.19035218824
0.0259  8.19354741176
0.02592  8.19674263529
0.02594  8.19993785882
0.02596  8.20313308235
0.02598  8.20632830588
0.026  8.20952352941
0.02602  8.21271875294
0.02604  8.21591397647
0.02606  8.2191092
0.02608  8.22230442353
0.0261  8.22549964706
0.02612  8.22869487059
0.02614  8.23189009412
0.02616  8.23508531765
0.02618  8.23828054118
0.0262  8.24147576471
0.02622  8.24467098824
0.02624  8.24786621176
0.02626  8.25106143529
0.02628  8.25425665882
0.0263  8.25745188235
0.02632  8.26064710588
0.02634  8.26384232941
0.02636  8.26703755294
0.02638  8.27023277647
0.0264  8.273428
0.02642  8.27662322353
0.02644  8.27981844706
0.02646  8.28301367059
0.02648  8.28620889412
0.0265  8.28940411765
0.02652  8.29259934118
0.02654  8.29579456471
0.02656  8.29898978824
0.02658  8.30218501176
0.0266  8.30538023529
0.02662  8.30857545882
0.02664  8.31177068235
0.02666  8.31496590588
0.02668  8.31816112941
0.0267  8.32135635294
0.02672  8.32455157647
0.02674  8.3277468
0.02676  8.33094202353
0.02678  8.33413724706
0.0268  8.33733247059
0.02682  8.34052769412
0.02684  8.34372291765
0.02686  8.34691814118
0.02688  8.35011336471
0.0269  8.35330858824
0.02692  8.35650381176
0.02694  8.35969903529
0.02696  8.36289425882
0.02698  8.36608948235
0.027  8.36928470588
0.02702  8.37247992941
0.02704  8.37567515294
0.02706  8.37887037647
0.02708  8.3820656
0.0271  8.38526082353
0.02712  8.38845604706
0.02714  8.39165127059
0.02716  8.39484649412
0.02718  8.39804171765
0.0272  8.40123694118
0.02722  8.40443216471
0.02724  8.40762738824
0.02726  8.41082261176
0.02728  8.41401783529
0.0273  8.41721305882
0.02732  8.42040828235
0.02734  8.42360350588
0.02736  8.42679872941
0.02738  8.42999395294
0.0274  8.43318917647
0.02742  8.4363844
0.02744  8.43957962353
0.02746  8.44277484706
0.02748  8.44597007059
0.0275  8.44916529412
0.02752  8.45236051765
0.02754  8.45555574118
0.02756  8.45875096471
0.02758  8.46194618824
0.0276  8.46514141176
0.02762  8.46833663529
0.02764  8.47153185882
0.02766  8.47472708235
0.02768  8.47792230588
0.0277  8.48111752941
0.02772  8.48431275294
0.02774  8.48750797647
0.02776  8.4907032
0.02778  8.49389842353
0.0278  8.49709364706
0.02782  8.50028887059
0.02784  8.50348409412
0.02786  8.50667931765
0.02788  8.50987454118
0.0279  8.51306976471
0.02792  8.51626498824
0.02794  8.51946021176
0.02796  8.52265543529
0.02798  8.52585065882
0.028  8.52904588235
0.02802  8.53224110588
0.02804  8.53543632941
0.02806  8.53863155294
0.02808  8.54182677647
0.0281  8.545022
0.02812  8.54821722353
0.02814  8.55141244706
0.02816  8.55460767059
0.02818  8.55780289412
0.0282  8.56099811765
0.02822  8.56419334118
0.02824  8.56738856471
0.02826  8.57058378824
0.02828  8.57377901176
0.0283  8.57697423529
0.02832  8.58016945882
0.02834  8.58336468235
0.02836  8.58655990588
0.02838  8.58975512941
0.0284  8.59295035294
0.02842  8.59614557647
0.02844  8.5993408
0.02846  8.60253602353
0.02848  8.60573124706
0.0285  8.60892647059
0.02852  8.61212169412
0.02854  8.61531691765
0.02856  8.61851214118
0.02858  8.62170736471
0.0286  8.62490258824
0.02862  8.62809781176
0.02864  8.63129303529
0.02866  8.63448825882
0.02868  8.63768348235
0.0287  8.64087870588
0.02872  8.64407392941
0.02874  8.64726915294
0.02876  8.65046437647
0.02878  8.6536596
0.0288  8.65685482353
0.02882  8.66005004706
0.02884  8.66324527059
0.02886  8.66644049412
0.02888  8.66963571765
0.0289  8.67283094118
0.02892  8.67602616471
0.02894  8.67922138824
0.02896  8.68241661176
0.02898  8.68561183529
0.029  8.68880705882
0.02902  8.69200228235
0.02904  8.69519750588
0.02906  8.69839272941
0.02908  8.70158795294
0.0291  8.70478317647
0.02912  8.7079784
0.02914  8.71117362353
0.02916  8.71436884706
0.02918  8.71756407059
0.0292  8.72075929412
0.02922  8.72395451765
0.02924  8.72714974118
0.02926  8.73034496471
0.02928  8.73354018824
0.0293  8.73673541176
0.02932  8.73993063529
0.02934  8.74312585882
0.02936  8.74632108235
0.02938  8.74951630588
0.0294  8.75271152941
0.02942  8.75590675294
0.02944  8.75910197647
0.02946  8.7622972
0.02948  8.76549242353
0.0295  8.76868764706
0.02952  8.77188287059
0.02954  8.77507809412
0.02956  8.77827331765
0.02958  8.78146854118
0.0296  8.78466376471
0.02962  8.78785898824
0.02964  8.79105421176
0.02966  8.79424943529
0.02968  8.79744465882
0.0297  8.80063988235
0.02972  8.80383510588
0.02974  8.80703032941
0.02976  8.81022555294
0.02978  8.81342077647
0.0298  8.816616
0.02982  8.81981122353
0.02984  8.82300644706
0.02986  8.82620167059
0.02988  8.82939689412
0.0299  8.83259211765
0.02992  8.83578734118
0.02994  8.83898256471
0.02996  8.84217778824
0.02998  8.84537301176
0.03  8.84856823529
0.03002  8.85176345882
0.03004  8.85495868235
0.03006  8.85815390588
0.03008  8.86134912941
0.0301  8.86454435294
0.03012  8.86773957647
0.03014  8.8709348
0.03016  8.87413002353
0.03018  8.87732524706
0.0302  8.88052047059
0.03022  8.88371569412
0.03024  8.88691091765
0.03026  8.89010614118
0.03028  8.89330136471
0.0303  8.89649658824
0.03032  8.89969181176
0.03034  8.90288703529
0.03036  8.90608225882
0.03038  8.90927748235
0.0304  8.91247270588
0.03042  8.91566792941
0.03044  8.91886315294
0.03046  8.92205837647
0.03048  8.9252536
0.0305  8.92844882353
0.03052  8.93164404706
0.03054  8.93483927059
0.03056  8.93803449412
0.03058  8.94122971765
0.0306  8.94442494118
0.03062  8.94762016471
0.03064  8.95081538824
0.03066  8.95401061176
0.03068  8.95720583529
0.0307  8.96040105882
0.03072  8.96359628235
0.03074  8.96679150588
0.03076  8.96998672941
0.03078  8.97318195294
0.0308  8.97637717647
0.03082  8.9795724
0.03084  8.98276762353
0.03086  8.98596284706
0.03088  8.98915807059
0.0309  8.99235329412
0.03092  8.99554851765
0.03094  8.99874374118
0.03096  9.00193896471
0.03098  9.00513418824
0.031  9.00832941176
0.03102  9.01152463529
0.03104  9.01471985882
0.03106  9.01791508235
0.03108  9.02111030588
0.0311  9.02430552941
0.03112  9.02750075294
0.03114  9.03069597647
0.03116  9.0338912
0.03118  9.03708642353
0.0312  9.04028164706
0.03122  9.04347687059
0.03124  9.04667209412
0.03126  9.04986731765
0.03128  9.05306254118
0.0313  9.05625776471
0.03132  9.05945298824
0.03134  9.06264821176
0.03136  9.06584343529
0.03138  9.06903865882
0.0314  9.07223388235
0.03142  9.07542910588
0.03144  9.07862432941
0.03146  9.08181955294
0.03148  9.08501477647
0.0315  9.08821
0.03152  9.09140522353
0.03154  9.09460044706
0.03156  9.09779567059
0.03158  9.10099089412
0.0316  9.10418611765
0.03162  9.10738134118
0.03164  9.11057656471
0.03166  9.11377178824
0.03168  9.11696701176
0.0317  9.12016223529
0.03172  9.12335745882
0.03174  9.12655268235
0.03176  9.12974790588
0.03178  9.13294312941
0.0318  9.13613835294
0.03182  9.13933357647
0.03184  9.1425288
0.03186  9.14572402353
0.03188  9.14891924706
0.0319  9.15211447059
0.03192  9.15530969412
0.03194  9.15850491765
0.03196  9.16170014118
0.03198  9.16489536471
0.032  9.16809058824
0.03202  9.17128581176
0.03204  9.17448103529
0.03206  9.17767625882
0.03208  9.18087148235
0.0321  9.18406670588
0.03212  9.18726192941
0.03214  9.19045715294
0.03216  9.19365237647
0.03218  9.1968476
0.0322  9.20004282353
0.03222  9.20323804706
0.03224  9.20643327059
0.03226  9.20962849412
0.03228  9.21282371765
0.0323  9.21601894118
0.03232  9.21921416471
0.03234  9.22240938824
0.03236  9.22560461176
0.03238  9.22879983529
0.0324  9.23199505882
0.03242  9.23519028235
0.03244  9.23838550588
0.03246  9.24158072941
0.03248  9.24477595294
0.0325  9.24797117647
0.03252  9.2511664
0.03254  9.25436162353
0.03256  9.25755684706
0.03258  9.26075207059
0.0326  9.26394729412
0.03262  9.26714251765
0.03264  9.27033774118
0.03266  9.27353296471
0.03268  9.27672818824
0.0327  9.27992341176
0.03272  9.28311863529
0.03274  9.28631385882
0.03276  9.28950908235
0.03278  9.29270430588
0.0328  9.29589952941
0.03282  9.29909475294
0.03284  9.30228997647
0.03286  9.3054852
0.03288  9.30868042353
0.0329  9.31187564706
0.03292  9.31507087059
0.03294  9.31826609412
0.03296  9.32146131765
0.03298  9.32465654118
0.033  9.32785176471
0.03302  9.33104698824
0.03304  9.33424221176
0.03306  9.33743743529
0.03308  9.34063265882
0.0331  9.34382788235
0.03312  9.34702310588
0.03314  9.35021832941
0.03316  9.35341355294
0.03318  9.35660877647
0.0332  9.359804
0.03322  9.36299922353
0.03324  9.36619444706
0.03326  9.36938967059
0.03328  9.37258489412
0.0333  9.37578011765
0.03332  9.37897534118
0.03334  9.38217056471
0.03336  9.38536578824
0.03338  9.38856101176
0.0334  9.39175623529
0.03342  9.39495145882
0.03344  9.39814668235
0.03346  9.40134190588
0.03348  9.40453712941
0.0335  9.40773235294
0.03352  9.41092757647
0.03354  9.4141228
0.03356  9.41731802353
0.03358  9.42051324706
0.0336  9.42370847059
0.03362  9.42690369412
0.03364  9.43009891765
0.03366  9.43329414118
0.03368  9.43648936471
0.0337  9.43968458824
0.03372  9.44287981176
0.03374  9.44607503529
0.03376  9.44927025882
0.03378  9.45246548235
0.0338  9.45566070588
0.03382  9.45885592941
0.03384  9.46205115294
0.03386  9.46524637647
0.03388  9.4684416
0.0339  9.47163682353
0.03392  9.47483204706
0.03394  9.47802727059
0.03396  9.48122249412
0.03398  9.48441771765
0.034  9.48761294118
0.03402  9.49080816471
0.03404  9.49400338824
0.03406  9.49719861176
0.03408  9.50039383529
0.0341  9.50358905882
0.03412  9.50678428235
0.03414  9.50997950588
0.03416  9.51317472941
0.03418  9.51636995294
0.0342  9.51956517647
0.03422  9.5227604
0.03424  9.52595562353
0.03426  9.52915084706
0.03428  9.53234607059
0.0343  9.53554129412
0.03432  9.53873651765
0.03434  9.54193174118
0.03436  9.54512696471
0.03438  9.54832218824
0.0344  9.55151741176
0.03442  9.55471263529
0.03444  9.55790785882
0.03446  9.56110308235
0.03448  9.56429830588
0.0345  9.56749352941
0.03452  9.57068875294
0.03454  9.57388397647
0.03456  9.5770792
0.03458  9.58027442353
0.0346  9.58346964706
0.03462  9.58666487059
0.03464  9.58986009412
0.03466  9.59305531765
0.03468  9.59625054118
0.0347  9.59944576471
0.03472  9.60264098824
0.03474  9.60583621176
0.03476  9.60903143529
0.03478  9.61222665882
0.0348  9.61542188235
0.03482  9.61861710588
0.03484  9.62181232941
0.03486  9.62500755294
0.03488  9.62820277647
0.0349  9.631398
0.03492  9.63459322353
0.03494  9.63778844706
0.03496  9.64098367059
0.03498  9.64417889412
0.035  9.64737411765
0.03502  9.65056934118
0.03504  9.65376456471
0.03506  9.65695978824
0.03508  9.66015501176
0.0351  9.66335023529
0.03512  9.66654545882
0.03514  9.66974068235
0.03516  9.67293590588
0.03518  9.67613112941
0.0352  9.67932635294
0.03522  9.68252157647
0.03524  9.6857168
0.03526  9.68891202353
0.03528  9.69210724706
0.0353  9.69530247059
0.03532  9.69849769412
0.03534  9.70169291765
0.03536  9.70488814118
0.03538  9.70808336471
0.0354  9.71127858824
0.03542  9.71447381176
0.03544  9.71766903529
0.03546  9.72086425882
0.03548  9.72405948235
0.0355  9.72725470588
0.03552  9.73044992941
0.03554  9.73364515294
0.03556  9.73684037647
0.03558  9.7400356
0.0356  9.74323082353
0.03562  9.74642604706
0.03564  9.74962127059
0.03566  9.75281649412
0.03568  9.75601171765
0.0357  9.75920694118
0.03572  9.76240216471
0.03574  9.76559738824
0.03576  9.76879261176
0.03578  9.77198783529
0.0358  9.77518305882
0.03582  9.77837828235
0.03584  9.78157350588
0.03586  9.78476872941
0.03588  9.78796395294
0.0359  9.79115917647
0.03592  9.7943544
0.03594  9.79754962353
0.03596  9.80074484706
0.03598  9.80394007059
0.036  9.80713529412
0.03602  9.81033051765
0.03604  9.81352574118
0.03606  9.81672096471
0.03608  9.81991618824
0.0361  9.82311141176
0.03612  9.82630663529
0.03614  9.82950185882
0.03616  9.83269708235
0.03618  9.83589230588
0.0362  9.83908752941
0.03622  9.84228275294
0.03624  9.84547797647
0.03626  9.8486732
0.03628  9.85186842353
0.0363  9.85506364706
0.03632  9.85825887059
0.03634  9.86145409412
0.03636  9.86464931765
0.03638  9.86784454118
0.0364  9.87103976471
0.03642  9.87423498824
0.03644  9.87743021176
0.03646  9.88062543529
0.03648  9.88382065882
0.0365  9.88701588235
0.03652  9.89021110588
0.03654  9.89340632941
0.03656  9.89660155294
0.03658  9.89979677647
0.0366  9.902992
0.03662  9.90618722353
0.03664  9.90938244706
0.03666  9.91257767059
0.03668  9.91577289412
0.0367  9.91896811765
0.03672  9.92216334118
0.03674  9.92535856471
0.03676  9.92855378824
0.03678  9.93174901176
0.0368  9.93494423529
0.03682  9.93813945882
0.03684  9.94133468235
0.03686  9.94452990588
0.03688  9.94772512941
0.0369  9.95092035294
0.03692  9.95411557647
0.03694  9.9573108
0.03696  9.96050602353
0.03698  9.96370124706
0.037  9.96689647059
0.03702  9.97009169412
0.03704  9.97328691765
0.03706  9.97648214118
0.03708  9.97967736471
0.0371  9.98287258824
0.03712  9.98606781176
0.03714  9.98926303529
0.03716  9.99245825882
0.03718  9.99565348235
0.0372  9.99884870588
0.03722  10.0020439294
0.03724  10.0052391529
0.03726  10.0084343765
0.03728  10.0116296
0.0373  10.0148248235
0.03732  10.0180200471
0.03734  10.0212152706
0.03736  10.0244104941
0.03738  10.0276057176
0.0374  10.0308009412
0.03742  10.0339961647
0.03744  10.0371913882
0.03746  10.0403866118
0.03748  10.0435818353
0.0375  10.0467770588
0.03752  10.0499722824
0.03754  10.0531675059
0.03756  10.0563627294
0.03758  10.0595579529
0.0376  10.0627531765
0.03762  10.0659484
0.03764  10.0691436235
0.03766  10.0723388471
0.03768  10.0755340706
0.0377  10.0787292941
0.03772  10.0819245176
0.03774  10.0851197412
0.03776  10.0883149647
0.03778  10.0915101882
0.0378  10.0947054118
0.03782  10.0979006353
0.03784  10.1010958588
0.03786  10.1042910824
0.03788  10.1074863059
0.0379  10.1106815294
0.03792  10.1138767529
0.03794  10.1170719765
0.03796  10.1202672
0.03798  10.1234624235
0.038  10.1266576471
0.03802  10.1298528706
0.03804  10.1330480941
0.03806  10.1362433176
0.03808  10.1394385412
0.0381  10.1426337647
0.03812  10.1458289882
0.03814  10.1490242118
0.03816  10.1522194353
0.03818  10.1554146588
0.0382  10.1586098824
0.03822  10.1618051059
0.03824  10.1650003294
0.03826  10.1681955529
0.03828  10.1713907765
0.0383  10.174586
0.03832  10.1777812235
0.03834  10.1809764471
0.03836  10.1841716706
0.03838  10.1873668941
0.0384  10.1905621176
0.03842  10.1937573412
0.03844  10.1969525647
0.03846  10.2001477882
0.03848  10.2033430118
0.0385  10.2065382353
0.03852  10.2097334588
0.03854  10.2129286824
0.03856  10.2161239059
0.03858  10.2193191294
0.0386  10.2225143529
0.03862  10.2257095765
0.03864  10.2289048
0.03866  10.2321000235
0.03868  10.2352952471
0.0387  10.2384904706
0.03872  10.2416856941
0.03874  10.2448809176
0.03876  10.2480761412
0.03878  10.2512713647
0.0388  10.2544665882
0.03882  10.2576618118
0.03884  10.2608570353
0.03886  10.2640522588
0.03888  10.2672474824
0.0389  10.2704427059
0.03892  10.2736379294
0.03894  10.2768331529
0.03896  10.2800283765
0.03898  10.2832236
0.039  10.2864188235
0.03902  10.2896140471
0.03904  10.2928092706
0.03906  10.2960044941
0.03908  10.2991997176
0.0391  10.3023949412
0.03912  10.3055901647
0.03914  10.3087853882
0.03916  10.3119806118
0.03918  10.3151758353
0.0392  10.3183710588
0.03922  10.3215662824
0.03924  10.3247615059
0.03926  10.3279567294
0.03928  10.3311519529
0.0393  10.3343471765
0.03932  10.3375424
0.03934  10.3407376235
0.03936  10.3439328471
0.03938  10.3471280706
0.0394  10.3503232941
0.03942  10.3535185176
0.03944  10.3567137412
0.03946  10.3599089647
0.03948  10.3631041882
0.0395  10.3662994118
0.03952  10.3694946353
0.03954  10.3726898588
0.03956  10.3758850824
0.03958  10.3790803059
0.0396  10.3822755294
0.03962  10.3854707529
0.03964  10.3886659765
0.03966  10.3918612
0.03968  10.3950564235
0.0397  10.3982516471
0.03972  10.4014468706
0.03974  10.4046420941
0.03976  10.4078373176
0.03978  10.4110325412
0.0398  10.4142277647
0.03982  10.4174229882
0.03984  10.4206182118
0.03986  10.4238134353
0.03988  10.4270086588
0.0399  10.4302038824
0.03992  10.4333991059
0.03994  10.4365943294
0.03996  10.4397895529
0.03998  10.4429847765
0.04  10.446180
0.04002  12.496340
0.04004  14.955680
0.04006  17.890760
0.04008  21.392200
0.0401  25.602400
0.04012  30.627000
0.04014  36.638000
0.04016  43.828600
0.04018  52.454200
0.0402  62.748800
0.04022  75.064000
0.04024  89.796000
0.04026  107.468200
0.04028  128.501400
0.0403  153.721200
0.04032  183.974200
0.04034  219.980000
0.04036  263.274000
0.04038  314.944000
0.0404  376.754000
0.04042  450.696000
0.04044  539.148000
0.04046  644.668000
0.04048  771.190000
0.0405  922.544000
0.04052  1104.104000
0.04054  1319.592000
0.04056  1578.576000
0.04058  1889.246000
0.0406  2260.020000
0.04062  2704.820000
0.04064  3235.660000
0.04066  3640.180000
0.04068  4017.780000
0.0407  4346.680000
0.04072  4580.080000
0.04074  4670.540000
0.04076  4762.780000
0.04078  4702.500000
0.0408  4551.020000
0.04082  4317.140000
0.04084  3963.320000
0.04086  3640.180000
0.04088  3191.800000
0.0409  2782.180000
0.04092  2393.340000
0.04094  2018.040000
0.04096  1690.794000
0.04098  1398.064000
0.041  1133.618000
0.04102  936.920000
0.04104  764.902000
0.04106  616.284000
0.04108  503.134000
0.0411  413.384000
0.04112  341.656000
0.04114  282.504000
0.04116  233.592000
0.04118  195.624200
0.0412  161.901600
0.04122  137.386000
0.04124  115.843000
0.04126  100.930200
0.04128  85.725200
0.0413  74.689600
0.04132  64.661200
0.04134  57.085000
0.04136  49.735800
0.04138  44.471200
0.0414  39.818000
0.04142  35.587000
0.04144  32.271600
0.04146  29.053200
0.04148  26.672200
0.0415  24.665200
0.04152  22.788400
0.04154  21.208200
0.04156  19.863800
0.04158  18.851560
0.0416  17.528400
0.04162  16.741400
0.04164  15.787460
0.04166  14.982840
0.04168  14.408160
0.0417  13.667720
0.04172  13.311880
0.04174  12.801220
0.04176  12.388820
0.04178  11.908140
0.0418  11.451320
0.04182  11.082420
0.04184  10.798820
0.04186  10.652500
0.04188  10.379820
0.0419  10.109600
0.04192  9.909340
0.04194  9.717420
0.04196  9.529200
0.04198  9.344640
0.042  9.163640
0.04202  9.163640
0.04204  9.047720
0.04206  8.986220
0.04208  8.692720
0.0421  8.692720
0.04212  8.582740
0.04214  8.524340
0.04216  8.416500
0.04218  8.466400
0.0422  8.359300
0.04222  8.249740
0.04224  8.141660
0.04226  8.197400
0.04228  8.141660
0.0423  8.141660
0.04232  7.983980
0.04234  8.038620
0.04236  8.038620
0.04238  8.038620
0.0424  7.933320
0.04242  7.933320
0.04244  7.829340
0.04246  7.829340
0.04248  7.879340
0.0425  7.776120
0.04252  7.776120
0.04254  7.879340
0.04256  7.829340
0.04258  7.829340
0.0426  7.829340
0.04262  7.776120
0.04264  7.776120
0.04266  7.776120
0.04268  7.730240
0.0427  7.829340
0.04272  7.776120
0.04274  7.829340
0.04276  7.776120
0.04278  7.776120
0.0428  7.730240
0.04282  7.776120
0.04284  7.677700
0.04286  7.677700
0.04288  7.829340
0.0429  7.677700
0.04292  7.776120
0.04294  7.730240
0.04296  7.776120
0.04298  7.829340
0.043  7.730240
0.04302  7.73343522353
0.04304  7.73663044706
0.04306  7.73982567059
0.04308  7.74302089412
0.0431  7.74621611765
0.04312  7.74941134118
0.04314  7.75260656471
0.04316  7.75580178824
0.04318  7.75899701176
0.0432  7.76219223529
0.04322  7.76538745882
0.04324  7.76858268235
0.04326  7.77177790588
0.04328  7.77497312941
0.0433  7.77816835294
0.04332  7.78136357647
0.04334  7.7845588
0.04336  7.78775402353
0.04338  7.79094924706
0.0434  7.79414447059
0.04342  7.79733969412
0.04344  7.80053491765
0.04346  7.80373014118
0.04348  7.80692536471
0.0435  7.81012058824
0.04352  7.81331581176
0.04354  7.81651103529
0.04356  7.81970625882
0.04358  7.82290148235
0.0436  7.82609670588
0.04362  7.82929192941
0.04364  7.83248715294
0.04366  7.83568237647
0.04368  7.8388776
0.0437  7.84207282353
0.04372  7.84526804706
0.04374  7.84846327059
0.04376  7.85165849412
0.04378  7.85485371765
0.0438  7.85804894118
0.04382  7.86124416471
0.04384  7.86443938824
0.04386  7.86763461176
0.04388  7.87082983529
0.0439  7.87402505882
0.04392  7.87722028235
0.04394  7.88041550588
0.04396  7.88361072941
0.04398  7.88680595294
0.044  7.89000117647
0.04402  7.8931964
0.04404  7.89639162353
0.04406  7.89958684706
0.04408  7.90278207059
0.0441  7.90597729412
0.04412  7.90917251765
0.04414  7.91236774118
0.04416  7.91556296471
0.04418  7.91875818824
0.0442  7.92195341176
0.04422  7.92514863529
0.04424  7.92834385882
0.04426  7.93153908235
0.04428  7.93473430588
0.0443  7.93792952941
0.04432  7.94112475294
0.04434  7.94431997647
0.04436  7.9475152
0.04438  7.95071042353
0.0444  7.95390564706
0.04442  7.95710087059
0.04444  7.96029609412
0.04446  7.96349131765
0.04448  7.96668654118
0.0445  7.96988176471
0.04452  7.97307698824
0.04454  7.97627221176
0.04456  7.97946743529
0.04458  7.98266265882
0.0446  7.98585788235
0.04462  7.98905310588
0.04464  7.99224832941
0.04466  7.99544355294
0.04468  7.99863877647
0.0447  8.001834
0.04472  8.00502922353
0.04474  8.00822444706
0.04476  8.01141967059
0.04478  8.01461489412
0.0448  8.01781011765
0.04482  8.02100534118
0.04484  8.02420056471
0.04486  8.02739578824
0.04488  8.03059101176
0.0449  8.03378623529
0.04492  8.03698145882
0.04494  8.04017668235
0.04496  8.04337190588
0.04498  8.04656712941
0.045  8.04976235294
0.04502  8.05295757647
0.04504  8.0561528
0.04506  8.05934802353
0.04508  8.06254324706
0.0451  8.06573847059
0.04512  8.06893369412
0.04514  8.07212891765
0.04516  8.07532414118
0.04518  8.07851936471
0.0452  8.08171458824
0.04522  8.08490981176
0.04524  8.08810503529
0.04526  8.09130025882
0.04528  8.09449548235
0.0453  8.09769070588
0.04532  8.10088592941
0.04534  8.10408115294
0.04536  8.10727637647
0.04538  8.1104716
0.0454  8.11366682353
0.04542  8.11686204706
0.04544  8.12005727059
0.04546  8.12325249412
0.04548  8.12644771765
0.0455  8.12964294118
0.04552  8.13283816471
0.04554  8.13603338824
0.04556  8.13922861176
0.04558  8.14242383529
0.0456  8.14561905882
0.04562  8.14881428235
0.04564  8.15200950588
0.04566  8.15520472941
0.04568  8.15839995294
0.0457  8.16159517647
0.04572  8.1647904
0.04574  8.16798562353
0.04576  8.17118084706
0.04578  8.17437607059
0.0458  8.17757129412
0.04582  8.18076651765
0.04584  8.18396174118
0.04586  8.18715696471
0.04588  8.19035218824
0.0459  8.19354741176
0.04592  8.19674263529
0.04594  8.19993785882
0.04596  8.20313308235
0.04598  8.20632830588
0.046  8.20952352941
0.04602  8.21271875294
0.04604  8.21591397647
0.04606  8.2191092
0.04608  8.22230442353
0.0461  8.22549964706
0.04612  8.22869487059
0.04614  8.23189009412
0.04616  8.23508531765
0.04618  8.23828054118
0.0462  8.24147576471
0.04622  8.24467098824
0.04624  8.24786621176
0.04626  8.25106143529
0.04628  8.25425665882
0.0463  8.25745188235
0.04632  8.26064710588
0.04634  8.26384232941
0.04636  8.26703755294
0.04638  8.27023277647
0.0464  8.273428
0.04642  8.27662322353
0.04644  8.27981844706
0.04646  8.28301367059
0.04648  8.28620889412
0.0465  8.28940411765
0.04652  8.29259934118
0.04654  8.29579456471
0.04656  8.29898978824
0.04658  8.30218501176
0.0466  8.30538023529
0.04662  8.30857545882
0.04664  8.31177068235
0.04666  8.31496590588
0.04668  8.31816112941
0.0467  8.32135635294
0.04672  8.32455157647
0.04674  8.3277468
0.04676  8.33094202353
0.04678  8.33413724706
0.0468  8.33733247059
0.04682  8.34052769412
0.04684  8.34372291765
0.04686  8.34691814118
0.04688  8.35011336471
0.0469  8.35330858824
0.04692  8.35650381176
0.04694  8.35969903529
0.04696  8.36289425882
0.04698  8.36608948235
0.047  8.36928470588
0.04702  8.37247992941
0.04704  8.37567515294
0.04706  8.37887037647
0.04708  8.3820656
0.0471  8.38526082353
0.04712  8.38845604706
0.04714  8.39165127059
0.04716  8.39484649412
0.04718  8.39804171765
0.0472  8.40123694118
0.04722  8.40443216471
0.04724  8.40762738824
0.04726  8.41082261176
0.04728  8.41401783529
0.0473  8.41721305882
0.04732  8.42040828235
0.04734  8.42360350588
0.04736  8.42679872941
0.04738  8.42999395294
0.0474  8.43318917647
0.04742  8.4363844
0.04744  8.43957962353
0.04746  8.44277484706
0.04748  8.44597007059
0.0475  8.44916529412
0.04752  8.45236051765
0.04754  8.45555574118
0.04756  8.45875096471
0.04758  8.46194618824
0.0476  8.46514141176
0.04762  8.46833663529
0.04764  8.47153185882
0.04766  8.47472708235
0.04768  8.47792230588
0.0477  8.48111752941
0.04772  8.48431275294
0.04774  8.48750797647
0.04776  8.4907032
0.04778  8.49389842353
0.0478  8.49709364706
0.04782  8.50028887059
0.04784  8.50348409412
0.04786  8.50667931765
0.04788  8.50987454118
0.0479  8.51306976471
0.04792  8.51626498824
0.04794  8.51946021176
0.04796  8.52265543529
0.04798  8.52585065882
0.048  8.52904588235
0.04802  8.53224110588
0.04804  8.53543632941
0.04806  8.53863155294
0.04808  8.54182677647
0.0481  8.545022
0.04812  8.54821722353
0.04814  8.55141244706
0.04816  8.55460767059
0.04818  8.55780289412
0.0482  8.56099811765
0.04822  8.56419334118
0.04824  8.56738856471
0.04826  8.57058378824
0.04828  8.57377901176
0.0483  8.57697423529
0.04832  8.58016945882
0.04834  8.58336468235
0.04836  8.58655990588
0.04838  8.58975512941
0.0484  8.59295035294
0.04842  8.59614557647
0.04844  8.5993408
0.04846  8.60253602353
0.04848  8.60573124706
0.0485  8.60892647059
0.04852  8.61212169412
0.04854  8.61531691765
0.04856  8.61851214118
0.04858  8.62170736471
0.0486  8.62490258824
0.04862  8.62809781176
0.04864  8.63129303529
0.04866  8.63448825882
0.04868  8.63768348235
0.0487  8.64087870588
0.04872  8.64407392941
0.04874  8.64726915294
0.04876  8.65046437647
0.04878  8.6536596
0.0488  8.65685482353
0.04882  8.66005004706
0.04884  8.66324527059
0.04886  8.66644049412
0.04888  8.66963571765
0.0489  8.67283094118
0.04892  8.67602616471
0.04894  8.67922138824
0.04896  8.68241661176
0.04898  8.68561183529
0.049  8.68880705882
0.04902  8.69200228235
0.04904  8.69519750588
0.04906  8.69839272941
0.04908  8.70158795294
0.0491  8.70478317647
0.04912  8.7079784
0.04914  8.71117362353
0.04916  8.71436884706
0.04918  8.71756407059
0.0492  8.72075929412
0.04922  8.72395451765
0.04924  8.72714974118
0.04926  8.73034496471
0.04928  8.73354018824
0.0493  8.73673541176
0.04932  8.73993063529
0.04934  8.74312585882
0.04936  8.74632108235
0.04938  8.74951630588
0.0494  8.75271152941
0.04942  8.75590675294
0.04944  8.75910197647
0.04946  8.7622972
0.04948  8.76549242353
0.0495  8.76868764706
0.04952  8.77188287059
0.04954  8.77507809412
0.04956  8.77827331765
0.04958  8.78146854118
0.0496  8.78466376471
0.04962  8.78785898824
0.04964  8.79105421176
0.04966  8.79424943529
0.04968  8.79744465882
0.0497  8.80063988235
0.04972  8.80383510588
0.04974  8.80703032941
0.04976  8.81022555294
0.04978  8.81342077647
0.0498  8.816616
0.04982  8.81981122353
0.04984  8.82300644706
0.04986  8.82620167059
0.04988  8.82939689412
0.0499  8.83259211765
0.04992  8.83578734118
0.04994  8.83898256471
0.04996  8.84217778824
0.04998  8.84537301176
0.05  8.84856823529
0.05002  8.85176345882
0.05004  8.85495868235
0.05006  8.85815390588
0.05008  8.86134912941
0.0501  8.86454435294
0.05012  8.86773957647
0.05014  8.8709348
0.05016  8.87413002353
0.05018  8.87732524706
0.0502  8.88052047059
0.05022  8.88371569412
0.05024  8.88691091765
0.05026  8.89010614118
0.05028  8.89330136471
0.0503  8.89649658824
0.05032  8.89969181176
0.05034  8.90288703529
0.05036  8.90608225882
0.05038  8.90927748235
0.0504  8.91247270588
0.05042  8.91566792941
0.05044  8.91886315294
0.05046  8.92205837647
0.05048  8.9252536
0.0505  8.92844882353
0.05052  8.93164404706
0.05054  8.93483927059
0.05056  8.93803449412
0.05058  8.94122971765
0.0506  8.94442494118
0.05062  8.94762016471
0.05064  8.95081538824
0.05066  8.95401061176
0.05068  8.95720583529
0.0507  8.96040105882
0.05072  8.96359628235
0.05074  8.96679150588
0.05076  8.96998672941
0.05078  8.97318195294
0.0508  8.97637717647
0.05082  8.9795724
0.05084  8.98276762353
0.05086  8.98596284706
0.05088  8.98915807059
0.0509  8.99235329412
0.05092  8.99554851765
0.05094  8.99874374118
0.05096  9.00193896471
0.05098  9.00513418824
0.051  9.00832941176
0.05102  9.01152463529
0.05104  9.01471985882
0.05106  9.01791508235
0.05108  9.02111030588
0.0511  9.02430552941
0.05112  9.02750075294
0.05114  9.03069597647
0.05116  9.0338912
0.05118  9.03708642353
0.0512  9.04028164706
0.05122  9.04347687059
0.05124  9.04667209412
0.05126  9.04986731765
0.05128  9.05306254118
0.0513  9.05625776471
0.05132  9.05945298824
0.05134  9.06264821176
0.05136  9.06584343529
0.05138  9.06903865882
0.0514  9.07223388235
0.05142  9.07542910588
0.05144  9.07862432941
0.05146  9.08181955294
0.05148  9.08501477647
0.0515  9.08821
0.05152  9.09140522353
0.05154  9.09460044706
0.05156  9.09779567059
0.05158  9.10099089412
0.0516  9.10418611765
0.05162  9.10738134118
0.05164  9.11057656471
0.05166  9.11377178824
0.05168  9.11696701176
0.0517  9.12016223529
0.05172  9.12335745882
0.05174  9.12655268235
0.05176  9.12974790588
0.05178  9.13294312941
0.0518  9.13613835294
0.05182  9.13933357647
0.05184  9.1425288
0.05186  9.14572402353
0.05188  9.14891924706
0.0519  9.15211447059
0.05192  9.15530969412
0.05194  9.15850491765
0.05196  9.16170014118
0.05198  9.16489536471
0.052  9.16809058824
0.05202  9.17128581176
0.05204  9.17448103529
0.05206  9.17767625882
0.05208  9.18087148235
0.0521  9.18406670588
0.05212  9.18726192941
0.05214  9.19045715294
0.05216  9.19365237647
0.05218  9.1968476
0.0522  9.20004282353
0.05222  9.20323804706
0.05224  9.20643327059
0.05226  9.20962849412
0.05228  9.21282371765
0.0523  9.21601894118
0.05232  9.21921416471
0.05234  9.22240938824
0.05236  9.22560461176
0.05238  9.22879983529
0.0524  9.23199505882
0.05242  9.23519028235
0.05244  9.23838550588
0.05246  9.24158072941
0.05248  9.24477595294
0.0525  9.24797117647
0.05252  9.2511664
0.05254  9.25436162353
0.05256  9.25755684706
0.05258  9.26075207059
0.0526  9.26394729412
0.05262  9.26714251765
0.05264  9.27033774118
0.05266  9.27353296471
0.05268  9.27672818824
0.0527  9.27992341176
0.05272  9.28311863529
0.05274  9.28631385882
0.05276  9.28950908235
0.05278  9.29270430588
0.0528  9.29589952941
0.05282  9.29909475294
0.05284  9.30228997647
0.05286  9.3054852
0.05288  9.30868042353
0.0529  9.31187564706
0.05292  9.31507087059
0.05294  9.31826609412
0.05296  9.32146131765
0.05298  9.32465654118
0.053  9.32785176471
0.05302  9.33104698824
0.05304  9.33424221176
0.05306  9.33743743529
0.05308  9.34063265882
0.0531  9.34382788235
0.05312  9.34702310588
0.05314  9.35021832941
0.05316  9.35341355294
0.05318  9.35660877647
0.0532  9.359804
0.05322  9.36299922353
0.05324  9.36619444706
0.05326  9.36938967059
0.05328  9.37258489412
0.0533  9.37578011765
0.05332  9.37897534118
0.05334  9.38217056471
0.05336  9.38536578824
0.05338  9.38856101176
0.0534  9.39175623529
0.05342  9.39495145882
0.05344  9.39814668235
0.05346  9.40134190588
0.05348  9.40453712941
0.0535  9.40773235294
0.05352  9.41092757647
0.05354  9.4141228
0.05356  9.41731802353
0.05358  9.42051324706
0.0536  9.42370847059
0.05362  9.42690369412
0.05364  9.43009891765
0.05366  9.43329414118
0.05368  9.43648936471
0.0537  9.43968458824
0.05372  9.44287981176
0.05374  9.44607503529
0.05376  9.44927025882
0.05378  9.45246548235
0.0538  9.45566070588
0.05382  9.45885592941
0.05384  9.46205115294
0.05386  9.46524637647
0.05388  9.4684416
0.0539  9.47163682353
0.05392  9.47483204706
0.05394  9.47802727059
0.05396  9.48122249412
0.05398  9.48441771765
0.054  9.48761294118
0.05402  9.49080816471
0.05404  9.49400338824
0.05406  9.49719861176
0.05408  9.50039383529
0.0541  9.50358905882
0.05412  9.50678428235
0.05414  9.50997950588
0.05416  9.51317472941
0.05418  9.51636995294
0.0542  9.51956517647
0.05422  9.5227604
0.05424  9.52595562353
0.05426  9.52915084706
0.05428  9.53234607059
0.0543  9.53554129412
0.05432  9.53873651765
0.05434  9.54193174118
0.05436  9.54512696471
0.05438  9.54832218824
0.0544  9.55151741176
0.05442  9.55471263529
0.05444  9.55790785882
0.05446  9.56110308235
0.05448  9.56429830588
0.0545  9.56749352941
0.05452  9.57068875294
0.05454  9.57388397647
0.05456  9.5770792
0.05458  9.58027442353
0.0546  9.58346964706
0.05462  9.58666487059
0.05464  9.58986009412
0.05466  9.59305531765
0.05468  9.59625054118
0.0547  9.59944576471
0.05472  9.60264098824
0.05474  9.60583621176
0.05476  9.60903143529
0.05478  9.61222665882
0.0548  9.61542188235
0.05482  9.61861710588
0.05484  9.62181232941
0.05486  9.62500755294
0.05488  9.62820277647
0.0549  9.631398
0.05492  9.63459322353
0.05494  9.63778844706
0.05496  9.64098367059
0.05498  9.64417889412
0.055  9.64737411765
0.05502  9.65056934118
0.05504  9.65376456471
0.05506  9.65695978824
0.05508  9.66015501176
0.0551  9.66335023529
0.05512  9.66654545882
0.05514  9.66974068235
0.05516  9.67293590588
0.05518  9.67613112941
0.0552  9.67932635294
0.05522  9.68252157647
0.05524  9.6857168
0.05526  9.68891202353
0.05528  9.69210724706
0.0553  9.69530247059
0.05532  9.69849769412
0.05534  9.70169291765
0.05536  9.70488814118
0.05538  9.70808336471
0.0554  9.71127858824
0.05542  9.71447381176
0.05544  9.71766903529
0.05546  9.72086425882
0.05548  9.72405948235
0.0555  9.72725470588
0.05552  9.73044992941
0.05554  9.73364515294
0.05556  9.73684037647
0.05558  9.7400356
0.0556  9.74323082353
0.05562  9.74642604706
0.05564  9.74962127059
0.05566  9.75281649412
0.05568  9.75601171765
0.0557  9.75920694118
0.05572  9.76240216471
0.05574  9.76559738824
0.05576  9.76879261176
0.05578  9.77198783529
0.0558  9.77518305882
0.05582  9.77837828235
0.05584  9.78157350588
0.05586  9.78476872941
0.05588  9.78796395294
0.0559  9.79115917647
0.05592  9.7943544
0.05594  9.79754962353
0.05596  9.80074484706
0.05598  9.80394007059
0.056  9.80713529412
0.05602  9.81033051765
0.05604  9.81352574118
0.05606  9.81672096471
0.05608  9.81991618824
0.0561  9.82311141176
0.05612  9.82630663529
0.05614  9.82950185882
0.05616  9.83269708235
0.05618  9.83589230588
0.0562  9.83908752941
0.05622  9.84228275294
0.05624  9.84547797647
0.05626  9.8486732
0.05628  9.85186842353
0.0563  9.85506364706
0.05632  9.85825887059
0.05634  9.86145409412
0.05636  9.86464931765
0.05638  9.86784454118
0.0564  9.87103976471
0.05642  9.87423498824
0.05644  9.87743021176
0.05646  9.88062543529
0.05648  9.88382065882
0.0565  9.88701588235
0.05652  9.89021110588
0.05654  9.89340632941
0.05656  9.89660155294
0.05658  9.89979677647
0.0566  9.902992
0.05662  9.90618722353
0.05664  9.90938244706
0.05666  9.91257767059
0.05668  9.91577289412
0.0567  9.91896811765
0.05672  9.92216334118
0.05674  9.92535856471
0.05676  9.92855378824
0.05678  9.93174901176
0.0568  9.93494423529
0.05682  9.93813945882
0.05684  9.94133468235
0.05686  9.94452990588
0.05688  9.94772512941
0.0569  9.95092035294
0.05692  9.95411557647
0.05694  9.9573108
0.05696  9.96050602353
0.05698  9.96370124706
0.057  9.96689647059
0.05702  9.97009169412
0.05704  9.97328691765
0.05706  9.97648214118
0.05708  9.97967736471
0.0571  9.98287258824
0.05712  9.98606781176
0.05714  9.98926303529
0.05716  9.99245825882
0.05718  9.99565348235
0.0572  9.99884870588
0.05722  10.0020439294
0.05724  10.0052391529
0.05726  10.0084343765
0.05728  10.0116296
0.0573  10.0148248235
0.05732  10.0180200471
0.05734  10.0212152706
0.05736  10.0244104941
0.05738  10.0276057176
0.0574  10.0308009412
0.05742  10.0339961647
0.05744  10.0371913882
0.05746  10.0403866118
0.05748  10.0435818353
0.0575  10.0467770588
0.05752  10.0499722824
0.05754  10.0531675059
0.05756  10.0563627294
0.05758  10.0595579529
0.0576  10.0627531765
0.05762  10.0659484
0.05764  10.0691436235
0.05766  10.0723388471
0.05768  10.0755340706
0.0577  10.0787292941
0.05772  10.0819245176
0.05774  10.0851197412
0.05776  10.0883149647
0.05778  10.0915101882
0.0578  10.0947054118
0.05782  10.0979006353
0.05784  10.1010958588
0.05786  10.1042910824
0.05788  10.1074863059
0.0579  10.1106815294
0.05792  10.1138767529
0.05794  10.1170719765
0.05796  10.1202672
0.05798  10.1234624235
0.058  10.1266576471
0.05802  10.1298528706
0.05804  10.1330480941
0.05806  10.1362433176
0.05808  10.1394385412
0.0581  10.1426337647
0.05812  10.1458289882
0.05814  10.1490242118
0.05816  10.1522194353
0.05818  10.1554146588
0.0582  10.1586098824
0.05822  10.1618051059
0.05824  10.1650003294
0.05826  10.1681955529
0.05828  10.1713907765
0.0583  10.174586
0.05832  10.1777812235
0.05834  10.1809764471
0.05836  10.1841716706
0.05838  10.1873668941
0.0584  10.1905621176
0.05842  10.1937573412
0.05844  10.1969525647
0.05846  10.2001477882
0.05848  10.2033430118
0.0585  10.2065382353
0.05852  10.2097334588
0.05854  10.2129286824
0.05856  10.2161239059
0.05858  10.2193191294
0.0586  10.2225143529
0.05862  10.2257095765
0.05864  10.2289048
0.05866  10.2321000235
0.05868  10.2352952471
0.0587  10.2384904706
0.05872  10.2416856941
0.05874  10.2448809176
0.05876  10.2480761412
0.05878  10.2512713647
0.0588  10.2544665882
0.05882  10.2576618118
0.05884  10.2608570353
0.05886  10.2640522588
0.05888  10.2672474824
0.0589  10.2704427059
0.05892  10.2736379294
0.05894  10.2768331529
0.05896  10.2800283765
0.05898  10.2832236
0.059  10.2864188235
0.05902  10.2896140471
0.05904  10.2928092706
0.05906  10.2960044941
0.05908  10.2991997176
0.0591  10.3023949412
0.05912  10.3055901647
0.05914  10.3087853882
0.05916  10.3119806118
0.05918  10.3151758353
0.0592  10.3183710588
0.05922  10.3215662824
0.05924  10.3247615059
0.05926  10.3279567294
0.05928  10.3311519529
0.0593  10.3343471765
0.05932  10.3375424
0.05934  10.3407376235
0.05936  10.3439328471
0.05938  10.3471280706
0.0594  10.3503232941
0.05942  10.3535185176
0.05944  10.3567137412
0.05946  10.3599089647
0.05948  10.3631041882
0.0595  10.3662994118
0.05952  10.3694946353
0.05954  10.3726898588
0.05956  10.3758850824
0.05958  10.3790803059
0.0596  10.3822755294
0.05962  10.3854707529
0.05964  10.3886659765
0.05966  10.3918612
0.05968  10.3950564235
0.0597  10.3982516471
0.05972  10.4014468706
0.05974  10.4046420941
0.05976  10.4078373176
0.05978  10.4110325412
0.0598  10.4142277647
0.05982  10.4174229882
0.05984  10.4206182118
0.05986  10.4238134353
0.05988  10.4270086588
0.0599  10.4302038824
0.05992  10.4333991059
0.05994  10.4365943294
0.05996  10.4397895529
0.05998  10.4429847765
0.06  10.446180
0.06002  12.496340
0.06004  14.955680
0.06006  17.890760
0.06008  21.392200
0.0601  25.602400
0.06012  30.627000
0.06014  36.638000
0.06016  43.828600
0.06018  52.454200
0.0602  62.748800
0.06022  75.064000
0.06024  89.796000
0.06026  107.468200
0.06028  128.501400
0.0603  153.721200
0.06032  183.974200
0.06034  219.980000
0.06036  263.274000
0.06038  314.944000
0.0604  376.754000
0.06042  450.696000
0.06044  539.148000
0.06046  644.668000
0.06048  771.190000
0.0605  922.544000
0.06052  1104.104000
0.06054  1319.592000
0.06056  1578.576000
0.06058  1889.246000
0.0606  2260.020000
0.06062  2704.820000
0.06064  3235.660000
0.06066  3640.180000
0.06068  4017.780000
0.0607  4346.680000
0.06072  4580.080000
0.06074  4670.540000
0.06076  4762.780000
0.06078  4702.500000
0.0608  4551.020000
0.06082  4317.140000
0.06084  3963.320000
0.06086  3640.180000
0.06088  3191.800000
0.0609  2782.180000
0.06092  2393.340000
0.06094  2018.040000
0.06096  1690.794000
0.06098  1398.064000
0.061  1133.618000
0.06102  936.920000
0.06104  764.902000
0.06106  616.284000
0.06108  503.134000
0.0611  413.384000
0.06112  341.656000
0.06114  282.504000
0.06116  233.592000
0.06118  195.624200
0.0612  161.901600
0.06122  137.386000
0.06124  115.843000
0.06126  100.930200
0.06128  85.725200
0.0613  74.689600
0.06132  64.661200
0.06134  57.085000
0.06136  49.735800
0.06138  44.471200
0.0614  39.818000
0.06142  35.587000
0.06144  32.271600
0.06146  29.053200
0.06148  26.672200
0.0615  24.665200
0.06152  22.788400
0.06154  21.208200
0.06156  19.863800
0.06158  18.851560
0.0616  17.528400
0.06162  16.741400
0.06164  15.787460
0.06166  14.982840
0.06168  14.408160
0.0617  13.667720
0.06172  13.311880
0.06174  12.801220
0.06176  12.388820
0.06178  11.908140
0.0618  11.451320
0.06182  11.082420
0.06184  10.798820
0.06186  10.652500
0.06188  10.379820
0.0619  10.109600
0.06192  9.909340
0.06194  9.717420
0.06196  9.529200
0.06198  9.344640
0.062  9.163640
0.06202  9.163640
0.06204  9.047720
0.06206  8.986220
0.06208  8.692720
0.0621  8.692720
0.06212  8.582740
0.06214  8.524340
0.06216  8.416500
0.06218  8.466400
0.0622  8.359300
0.06222  8.249740
0.06224  8.141660
0.06226  8.197400
0.06228  8.141660
0.0623  8.141660
0.06232  7.983980
0.06234  8.038620
0.06236  8.038620
0.06238  8.038620
0.0624  7.933320
0.06242  7.933320
0.06244  7.829340
0.06246  7.829340
0.06248  7.879340
0.0625  7.776120
0.06252  7.776120
0.06254  7.879340
0.06256  7.829340
0.06258  7.829340
0.0626  7.829340
0.06262  7.776120
0.06264  7.776120
0.06266  7.776120
0.06268  7.730240
0.0627  7.829340
0.06272  7.776120
0.06274  7.829340
0.06276  7.776120
0.06278  7.776120
0.0628  7.730240
0.06282  7.776120
0.06284  7.677700
0.06286  7.677700
0.06288  7.829340
0.0629  7.677700
0.06292  7.776120
0.06294  7.730240
0.06296  7.776120
0.06298  7.829340
0.063  7.730240
