0.00000  2781.2
0.00002  2699.54
0.00004  2609.94
0.00006  2512.88
0.00008  2408.72
0.00010  2297.1
0.00012  2179.6
0.00014  2056.88
0.00016  1930.17
0.00018  1800.45
0.00020  1669.88
0.00022  1539.67
0.00024  1411.32
0.00026  1285.97
0.00028  1165.82
0.00030  1051.04
0.00032  942.518
0.00034  841.686
0.00036  747.898
0.00038  662.068
0.00040  583.918
0.00042  513.264
0.00044  449.794
0.00046  393.238
0.00048  342.848
0.00050  298.272
0.00052  258.91
0.00054  224.61
0.00056  194.431
0.00058  168.029
0.00060  145.104
0.00062  125.139
0.00064  107.871
0.00066  97.7994
0.00068  90.069
0.00070  84.335
0.00072  80.722
0.00074  79.41
0.00076  78.119
0.00078  78.9576
0.00080  81.1536
0.00082  84.8178
0.00084  91.1014
0.00086  97.7994
0.00088  109.101
0.00090  122.255
0.00092  138.425
0.00094  159.218
0.00096  183.907
0.00098  214.434
0.00100  253.548
0.00102  294.682
0.00104  345.018
0.00106  406.874
0.00108  473.452
0.00110  546.418
0.00112  625.62
0.00114  713.21
0.00116  809.49
0.00118  907.054
0.00120  1019.01
0.00122  1122.29
0.00124  1234.91
0.00126  1329.3
0.00128  1444.29
0.00130  1543.28
0.00132  1648
0.00134  1738.86
0.00136  1839.06
0.00138  1919.73
0.00140  1998.45
0.00142  2077.12
0.00144  2144.28
0.00146  2214.78
0.00148  2270.78
0.00150  2320.8
0.00152  2370.2
0.00154  2413.92
0.00156  2452.78
0.00158  2483.14
0.00160  2524.34
0.00162  2549.72
0.00164  2581.42
0.00166  2608.98
0.00168  2629.18
0.00170  2655.82
0.00172  2668.9
0.00174  2687.96
0.00176  2703.66
0.00178  2722.26
0.00180  2740.3
0.00182  2755.1
0.00184  2766.64
0.00186  2772.66
0.00188  2783.96
0.00190  2795.3
0.00192  2803.78
0.00194  2811.98
0.00196  2820.1
0.00198  2828.14
0.00200  2836.06
0.00202  2836.06
0.00204  2841.18
0.00206  2843.92
0.00208  2857.04
0.00210  2857.04
0.00212  2862
0.00214  2864.66
0.00216  2869.56
0.00218  2867.28
0.00220  2872.18
0.00222  2877.2
0.00224  2882.2
0.00226  2879.62
0.00228  2882.2
0.00230  2882.2
0.00232  2889.52
0.00234  2886.96
0.00236  2886.96
0.00238  2886.96
0.00240  2891.88
0.00242  2891.88
0.00244  2896.76
0.00246  2896.76
0.00248  2894.4
0.00250  2899.26
0.00252  2899.26
0.00254  2894.4
0.00256  2896.76
0.00258  2896.76
0.00260  2896.76
0.00262  2899.26
0.00264  2899.26
0.00266  2899.26
0.00268  2901.42
0.00270  2896.76
0.00272  2899.26
0.00274  2896.76
0.00276  2899.26
0.00278  2899.26
0.00280  2901.42
0.00282  2899.26
0.00284  2903.9
0.00286  2903.9
0.00288  2896.76
0.00290  2903.9
0.00292  2899.26
0.00294  2901.42
0.00296  2899.26
0.00298  2896.76
0.00300  2901.42
0.00302  2901.27856471
0.00304  2901.13712941
0.00306  2900.99569412
0.00308  2900.85425882
0.0031  2900.71282353
0.00312  2900.57138824
0.00314  2900.42995294
0.00316  2900.28851765
0.00318  2900.14708235
0.0032  2900.00564706
0.00322  2899.86421176
0.00324  2899.72277647
0.00326  2899.58134118
0.00328  2899.43990588
0.0033  2899.29847059
0.00332  2899.15703529
0.00334  2899.0156
0.00336  2898.87416471
0.00338  2898.73272941
0.0034  2898.59129412
0.00342  2898.44985882
0.00344  2898.30842353
0.00346  2898.16698824
0.00348  2898.02555294
0.0035  2897.88411765
0.00352  2897.74268235
0.00354  2897.60124706
0.00356  2897.45981176
0.00358  2897.31837647
0.0036  2897.17694118
0.00362  2897.03550588
0.00364  2896.89407059
0.00366  2896.75263529
0.00368  2896.6112
0.0037  2896.46976471
0.00372  2896.32832941
0.00374  2896.18689412
0.00376  2896.04545882
0.00378  2895.90402353
0.0038  2895.76258824
0.00382  2895.62115294
0.00384  2895.47971765
0.00386  2895.33828235
0.00388  2895.19684706
0.0039  2895.05541176
0.00392  2894.91397647
0.00394  2894.77254118
0.00396  2894.63110588
0.00398  2894.48967059
0.004  2894.34823529
0.00402  2894.2068
0.00404  2894.06536471
0.00406  2893.92392941
0.00408  2893.78249412
0.0041  2893.64105882
0.00412  2893.49962353
0.00414  2893.35818824
0.00416  2893.21675294
0.00418  2893.07531765
0.0042  2892.93388235
0.00422  2892.79244706
0.00424  2892.65101176
0.00426  2892.50957647
0.00428  2892.36814118
0.0043  2892.22670588
0.00432  2892.08527059
0.00434  2891.94383529
0.00436  2891.8024
0.00438  2891.66096471
0.0044  2891.51952941
0.00442  2891.37809412
0.00444  2891.23665882
0.00446  2891.09522353
0.00448  2890.95378824
0.0045  2890.81235294
0.00452  2890.67091765
0.00454  2890.52948235
0.00456  2890.38804706
0.00458  2890.24661176
0.0046  2890.10517647
0.00462  2889.96374118
0.00464  2889.82230588
0.00466  2889.68087059
0.00468  2889.53943529
0.0047  2889.398
0.00472  2889.25656471
0.00474  2889.11512941
0.00476  2888.97369412
0.00478  2888.83225882
0.0048  2888.69082353
0.00482  2888.54938824
0.00484  2888.40795294
0.00486  2888.26651765
0.00488  2888.12508235
0.0049  2887.98364706
0.00492  2887.84221176
0.00494  2887.70077647
0.00496  2887.55934118
0.00498  2887.41790588
0.005  2887.27647059
0.00502  2887.13503529
0.00504  2886.9936
0.00506  2886.85216471
0.00508  2886.71072941
0.0051  2886.56929412
0.00512  2886.42785882
0.00514  2886.28642353
0.00516  2886.14498824
0.00518  2886.00355294
0.0052  2885.86211765
0.00522  2885.72068235
0.00524  2885.57924706
0.00526  2885.43781176
0.00528  2885.29637647
0.0053  2885.15494118
0.00532  2885.01350588
0.00534  2884.87207059
0.00536  2884.73063529
0.00538  2884.5892
0.0054  2884.44776471
0.00542  2884.30632941
0.00544  2884.16489412
0.00546  2884.02345882
0.00548  2883.88202353
0.0055  2883.74058824
0.00552  2883.59915294
0.00554  2883.45771765
0.00556  2883.31628235
0.00558  2883.17484706
0.0056  2883.03341176
0.00562  2882.89197647
0.00564  2882.75054118
0.00566  2882.60910588
0.00568  2882.46767059
0.0057  2882.32623529
0.00572  2882.1848
0.00574  2882.04336471
0.00576  2881.90192941
0.00578  2881.76049412
0.0058  2881.61905882
0.00582  2881.47762353
0.00584  2881.33618824
0.00586  2881.19475294
0.00588  2881.05331765
0.0059  2880.91188235
0.00592  2880.77044706
0.00594  2880.62901176
0.00596  2880.48757647
0.00598  2880.34614118
0.006  2880.20470588
0.00602  2880.06327059
0.00604  2879.92183529
0.00606  2879.7804
0.00608  2879.63896471
0.0061  2879.49752941
0.00612  2879.35609412
0.00614  2879.21465882
0.00616  2879.07322353
0.00618  2878.93178824
0.0062  2878.79035294
0.00622  2878.64891765
0.00624  2878.50748235
0.00626  2878.36604706
0.00628  2878.22461176
0.0063  2878.08317647
0.00632  2877.94174118
0.00634  2877.80030588
0.00636  2877.65887059
0.00638  2877.51743529
0.0064  2877.376
0.00642  2877.23456471
0.00644  2877.09312941
0.00646  2876.95169412
0.00648  2876.81025882
0.0065  2876.66882353
0.00652  2876.52738824
0.00654  2876.38595294
0.00656  2876.24451765
0.00658  2876.10308235
0.0066  2875.96164706
0.00662  2875.82021176
0.00664  2875.67877647
0.00666  2875.53734118
0.00668  2875.39590588
0.0067  2875.25447059
0.00672  2875.11303529
0.00674  2874.9716
0.00676  2874.83016471
0.00678  2874.68872941
0.0068  2874.54729412
0.00682  2874.40585882
0.00684  2874.26442353
0.00686  2874.12298824
0.00688  2873.98155294
0.0069  2873.84011765
0.00692  2873.69868235
0.00694  2873.55724706
0.00696  2873.41581176
0.00698  2873.27437647
0.007  2873.13294118
0.00702  2872.99150588
0.00704  2872.85007059
0.00706  2872.70863529
0.00708  2872.5672
0.0071  2872.42576471
0.00712  2872.28432941
0.00714  2872.14289412
0.00716  2872.00145882
0.00718  2871.86002353
0.0072  2871.71858824
0.00722  2871.57715294
0.00724  2871.43571765
0.00726  2871.29428235
0.00728  2871.15284706
0.0073  2871.01141176
0.00732  2870.86997647
0.00734  2870.72854118
0.00736  2870.58710588
0.00738  2870.44567059
0.0074  2870.30423529
0.00742  2870.1628
0.00744  2870.02136471
0.00746  2869.87992941
0.00748  2869.73849412
0.0075  2869.59705882
0.00752  2869.45562353
0.00754  2869.31418824
0.00756  2869.17275294
0.00758  2869.03131765
0.0076  2868.88988235
0.00762  2868.74844706
0.00764  2868.60701176
0.00766  2868.46557647
0.00768  2868.32414118
0.0077  2868.18270588
0.00772  2868.04127059
0.00774  2867.89983529
0.00776  2867.7584
0.00778  2867.61696471
0.0078  2867.47552941
0.00782  2867.33409412
0.00784  2867.19265882
0.00786  2867.05122353
0.00788  2866.90978824
0.0079  2866.76835294
0.00792  2866.62691765
0.00794  2866.48548235
0.00796  2866.34404706
0.00798  2866.20261176
0.008  2866.06117647
0.00802  2865.91974118
0.00804  2865.77830588
0.00806  2865.63687059
0.00808  2865.49543529
0.0081  2865.354
0.00812  2865.21256471
0.00814  2865.07112941
0.00816  2864.92969412
0.00818  2864.78825882
0.0082  2864.64682353
0.00822  2864.50538824
0.00824  2864.36395294
0.00826  2864.22251765
0.00828  2864.08108235
0.0083  2863.93964706
0.00832  2863.79821176
0.00834  2863.65677647
0.00836  2863.51534118
0.00838  2863.37390588
0.0084  2863.23247059
0.00842  2863.09103529
0.00844  2862.9496
0.00846  2862.80816471
0.00848  2862.66672941
0.0085  2862.52529412
0.00852  2862.38385882
0.00854  2862.24242353
0.00856  2862.10098824
0.00858  2861.95955294
0.0086  2861.81811765
0.00862  2861.67668235
0.00864  2861.53524706
0.00866  2861.39381176
0.00868  2861.25237647
0.0087  2861.11094118
0.00872  2860.96950588
0.00874  2860.82807059
0.00876  2860.68663529
0.00878  2860.5452
0.0088  2860.40376471
0.00882  2860.26232941
0.00884  2860.12089412
0.00886  2859.97945882
0.00888  2859.83802353
0.0089  2859.69658824
0.00892  2859.55515294
0.00894  2859.41371765
0.00896  2859.27228235
0.00898  2859.13084706
0.009  2858.98941176
0.00902  2858.84797647
0.00904  2858.70654118
0.00906  2858.56510588
0.00908  2858.42367059
0.0091  2858.28223529
0.00912  2858.1408
0.00914  2857.99936471
0.00916  2857.85792941
0.00918  2857.71649412
0.0092  2857.57505882
0.00922  2857.43362353
0.00924  2857.29218824
0.00926  2857.15075294
0.00928  2857.00931765
0.0093  2856.86788235
0.00932  2856.72644706
0.00934  2856.58501176
0.00936  2856.44357647
0.00938  2856.30214118
0.0094  2856.16070588
0.00942  2856.01927059
0.00944  2855.87783529
0.00946  2855.7364
0.00948  2855.59496471
0.0095  2855.45352941
0.00952  2855.31209412
0.00954  2855.17065882
0.00956  2855.02922353
0.00958  2854.88778824
0.0096  2854.74635294
0.00962  2854.60491765
0.00964  2854.46348235
0.00966  2854.32204706
0.00968  2854.18061176
0.0097  2854.03917647
0.00972  2853.89774118
0.00974  2853.75630588
0.00976  2853.61487059
0.00978  2853.47343529
0.0098  2853.332
0.00982  2853.19056471
0.00984  2853.04912941
0.00986  2852.90769412
0.00988  2852.76625882
0.0099  2852.62482353
0.00992  2852.48338824
0.00994  2852.34195294
0.00996  2852.20051765
0.00998  2852.05908235
0.01  2851.91764706
0.01002  2851.77621176
0.01004  2851.63477647
0.01006  2851.49334118
0.01008  2851.35190588
0.0101  2851.21047059
0.01012  2851.06903529
0.01014  2850.9276
0.01016  2850.78616471
0.01018  2850.64472941
0.0102  2850.50329412
0.01022  2850.36185882
0.01024  2850.22042353
0.01026  2850.07898824
0.01028  2849.93755294
0.0103  2849.79611765
0.01032  2849.65468235
0.01034  2849.51324706
0.01036  2849.37181176
0.01038  2849.23037647
0.0104  2849.08894118
0.01042  2848.94750588
0.01044  2848.80607059
0.01046  2848.66463529
0.01048  2848.5232
0.0105  2848.38176471
0.01052  2848.24032941
0.01054  2848.09889412
0.01056  2847.95745882
0.01058  2847.81602353
0.0106  2847.67458824
0.01062  2847.53315294
0.01064  2847.39171765
0.01066  2847.25028235
0.01068  2847.10884706
0.0107  2846.96741176
0.01072  2846.82597647
0.01074  2846.68454118
0.01076  2846.54310588
0.01078  2846.40167059
0.0108  2846.26023529
0.01082  2846.1188
0.01084  2845.97736471
0.01086  2845.83592941
0.01088  2845.69449412
0.0109  2845.55305882
0.01092  2845.41162353
0.01094  2845.27018824
0.01096  2845.12875294
0.01098  2844.98731765
0.011  2844.84588235
0.01102  2844.70444706
0.01104  2844.56301176
0.01106  2844.42157647
0.01108  2844.28014118
0.0111  2844.13870588
0.01112  2843.99727059
0.01114  2843.85583529
0.01116  2843.7144
0.01118  2843.57296471
0.0112  2843.43152941
0.01122  2843.29009412
0.01124  2843.14865882
0.01126  2843.00722353
0.01128  2842.86578824
0.0113  2842.72435294
0.01132  2842.58291765
0.01134  2842.44148235
0.01136  2842.30004706
0.01138  2842.15861176
0.0114  2842.01717647
0.01142  2841.87574118
0.01144  2841.73430588
0.01146  2841.59287059
0.01148  2841.45143529
0.0115  2841.31
0.01152  2841.16856471
0.01154  2841.02712941
0.01156  2840.88569412
0.01158  2840.74425882
0.0116  2840.60282353
0.01162  2840.46138824
0.01164  2840.31995294
0.01166  2840.17851765
0.01168  2840.03708235
0.0117  2839.89564706
0.01172  2839.75421176
0.01174  2839.61277647
0.01176  2839.47134118
0.01178  2839.32990588
0.0118  2839.18847059
0.01182  2839.04703529
0.01184  2838.9056
0.01186  2838.76416471
0.01188  2838.62272941
0.0119  2838.48129412
0.01192  2838.33985882
0.01194  2838.19842353
0.01196  2838.05698824
0.01198  2837.91555294
0.012  2837.77411765
0.01202  2837.63268235
0.01204  2837.49124706
0.01206  2837.34981176
0.01208  2837.20837647
0.0121  2837.06694118
0.01212  2836.92550588
0.01214  2836.78407059
0.01216  2836.64263529
0.01218  2836.5012
0.0122  2836.35976471
0.01222  2836.21832941
0.01224  2836.07689412
0.01226  2835.93545882
0.01228  2835.79402353
0.0123  2835.65258824
0.01232  2835.51115294
0.01234  2835.36971765
0.01236  2835.22828235
0.01238  2835.08684706
0.0124  2834.94541176
0.01242  2834.80397647
0.01244  2834.66254118
0.01246  2834.52110588
0.01248  2834.37967059
0.0125  2834.23823529
0.01252  2834.0968
0.01254  2833.95536471
0.01256  2833.81392941
0.01258  2833.67249412
0.0126  2833.53105882
0.01262  2833.38962353
0.01264  2833.24818824
0.01266  2833.10675294
0.01268  2832.96531765
0.0127  2832.82388235
0.01272  2832.68244706
0.01274  2832.54101176
0.01276  2832.39957647
0.01278  2832.25814118
0.0128  2832.11670588
0.01282  2831.97527059
0.01284  2831.83383529
0.01286  2831.6924
0.01288  2831.55096471
0.0129  2831.40952941
0.01292  2831.26809412
0.01294  2831.12665882
0.01296  2830.98522353
0.01298  2830.84378824
0.013  2830.70235294
0.01302  2830.56091765
0.01304  2830.41948235
0.01306  2830.27804706
0.01308  2830.13661176
0.0131  2829.99517647
0.01312  2829.85374118
0.01314  2829.71230588
0.01316  2829.57087059
0.01318  2829.42943529
0.0132  2829.288
0.01322  2829.14656471
0.01324  2829.00512941
0.01326  2828.86369412
0.01328  2828.72225882
0.0133  2828.58082353
0.01332  2828.43938824
0.01334  2828.29795294
0.01336  2828.15651765
0.01338  2828.01508235
0.0134  2827.87364706
0.01342  2827.73221176
0.01344  2827.59077647
0.01346  2827.44934118
0.01348  2827.30790588
0.0135  2827.16647059
0.01352  2827.02503529
0.01354  2826.8836
0.01356  2826.74216471
0.01358  2826.60072941
0.0136  2826.45929412
0.01362  2826.31785882
0.01364  2826.17642353
0.01366  2826.03498824
0.01368  2825.89355294
0.0137  2825.75211765
0.01372  2825.61068235
0.01374  2825.46924706
0.01376  2825.32781176
0.01378  2825.18637647
0.0138  2825.04494118
0.01382  2824.90350588
0.01384  2824.76207059
0.01386  2824.62063529
0.01388  2824.4792
0.0139  2824.33776471
0.01392  2824.19632941
0.01394  2824.05489412
0.01396  2823.91345882
0.01398  2823.77202353
0.014  2823.63058824
0.01402  2823.48915294
0.01404  2823.34771765
0.01406  2823.20628235
0.01408  2823.06484706
0.0141  2822.92341176
0.01412  2822.78197647
0.01414  2822.64054118
0.01416  2822.49910588
0.01418  2822.35767059
0.0142  2822.21623529
0.01422  2822.0748
0.01424  2821.93336471
0.01426  2821.79192941
0.01428  2821.65049412
0.0143  2821.50905882
0.01432  2821.36762353
0.01434  2821.22618824
0.01436  2821.08475294
0.01438  2820.94331765
0.0144  2820.80188235
0.01442  2820.66044706
0.01444  2820.51901176
0.01446  2820.37757647
0.01448  2820.23614118
0.0145  2820.09470588
0.01452  2819.95327059
0.01454  2819.81183529
0.01456  2819.6704
0.01458  2819.52896471
0.0146  2819.38752941
0.01462  2819.24609412
0.01464  2819.10465882
0.01466  2818.96322353
0.01468  2818.82178824
0.0147  2818.68035294
0.01472  2818.53891765
0.01474  2818.39748235
0.01476  2818.25604706
0.01478  2818.11461176
0.0148  2817.97317647
0.01482  2817.83174118
0.01484  2817.69030588
0.01486  2817.54887059
0.01488  2817.40743529
0.0149  2817.266
0.01492  2817.12456471
0.01494  2816.98312941
0.01496  2816.84169412
0.01498  2816.70025882
0.015  2816.55882353
0.01502  2816.41738824
0.01504  2816.27595294
0.01506  2816.13451765
0.01508  2815.99308235
0.0151  2815.85164706
0.01512  2815.71021176
0.01514  2815.56877647
0.01516  2815.42734118
0.01518  2815.28590588
0.0152  2815.14447059
0.01522  2815.00303529
0.01524  2814.8616
0.01526  2814.72016471
0.01528  2814.57872941
0.0153  2814.43729412
0.01532  2814.29585882
0.01534  2814.15442353
0.01536  2814.01298824
0.01538  2813.87155294
0.0154  2813.73011765
0.01542  2813.58868235
0.01544  2813.44724706
0.01546  2813.30581176
0.01548  2813.16437647
0.0155  2813.02294118
0.01552  2812.88150588
0.01554  2812.74007059
0.01556  2812.59863529
0.01558  2812.4572
0.0156  2812.31576471
0.01562  2812.17432941
0.01564  2812.03289412
0.01566  2811.89145882
0.01568  2811.75002353
0.0157  2811.60858824
0.01572  2811.46715294
0.01574  2811.32571765
0.01576  2811.18428235
0.01578  2811.04284706
0.0158  2810.90141176
0.01582  2810.75997647
0.01584  2810.61854118
0.01586  2810.47710588
0.01588  2810.33567059
0.0159  2810.19423529
0.01592  2810.0528
0.01594  2809.91136471
0.01596  2809.76992941
0.01598  2809.62849412
0.016  2809.48705882
0.01602  2809.34562353
0.01604  2809.20418824
0.01606  2809.06275294
0.01608  2808.92131765
0.0161  2808.77988235
0.01612  2808.63844706
0.01614  2808.49701176
0.01616  2808.35557647
0.01618  2808.21414118
0.0162  2808.07270588
0.01622  2807.93127059
0.01624  2807.78983529
0.01626  2807.6484
0.01628  2807.50696471
0.0163  2807.36552941
0.01632  2807.22409412
0.01634  2807.08265882
0.01636  2806.94122353
0.01638  2806.79978824
0.0164  2806.65835294
0.01642  2806.51691765
0.01644  2806.37548235
0.01646  2806.23404706
0.01648  2806.09261176
0.0165  2805.95117647
0.01652  2805.80974118
0.01654  2805.66830588
0.01656  2805.52687059
0.01658  2805.38543529
0.0166  2805.244
0.01662  2805.10256471
0.01664  2804.96112941
0.01666  2804.81969412
0.01668  2804.67825882
0.0167  2804.53682353
0.01672  2804.39538824
0.01674  2804.25395294
0.01676  2804.11251765
0.01678  2803.97108235
0.0168  2803.82964706
0.01682  2803.68821176
0.01684  2803.54677647
0.01686  2803.40534118
0.01688  2803.26390588
0.0169  2803.12247059
0.01692  2802.98103529
0.01694  2802.8396
0.01696  2802.69816471
0.01698  2802.55672941
0.017  2802.41529412
0.01702  2802.27385882
0.01704  2802.13242353
0.01706  2801.99098824
0.01708  2801.84955294
0.0171  2801.70811765
0.01712  2801.56668235
0.01714  2801.42524706
0.01716  2801.28381176
0.01718  2801.14237647
0.0172  2801.00094118
0.01722  2800.85950588
0.01724  2800.71807059
0.01726  2800.57663529
0.01728  2800.4352
0.0173  2800.29376471
0.01732  2800.15232941
0.01734  2800.01089412
0.01736  2799.86945882
0.01738  2799.72802353
0.0174  2799.58658824
0.01742  2799.44515294
0.01744  2799.30371765
0.01746  2799.16228235
0.01748  2799.02084706
0.0175  2798.87941176
0.01752  2798.73797647
0.01754  2798.59654118
0.01756  2798.45510588
0.01758  2798.31367059
0.0176  2798.17223529
0.01762  2798.0308
0.01764  2797.88936471
0.01766  2797.74792941
0.01768  2797.60649412
0.0177  2797.46505882
0.01772  2797.32362353
0.01774  2797.18218824
0.01776  2797.04075294
0.01778  2796.89931765
0.0178  2796.75788235
0.01782  2796.61644706
0.01784  2796.47501176
0.01786  2796.33357647
0.01788  2796.19214118
0.0179  2796.05070588
0.01792  2795.90927059
0.01794  2795.76783529
0.01796  2795.6264
0.01798  2795.48496471
0.018  2795.34352941
0.01802  2795.20209412
0.01804  2795.06065882
0.01806  2794.91922353
0.01808  2794.77778824
0.0181  2794.63635294
0.01812  2794.49491765
0.01814  2794.35348235
0.01816  2794.21204706
0.01818  2794.07061176
0.0182  2793.92917647
0.01822  2793.78774118
0.01824  2793.64630588
0.01826  2793.50487059
0.01828  2793.36343529
0.0183  2793.222
0.01832  2793.08056471
0.01834  2792.93912941
0.01836  2792.79769412
0.01838  2792.65625882
0.0184  2792.51482353
0.01842  2792.37338824
0.01844  2792.23195294
0.01846  2792.09051765
0.01848  2791.94908235
0.0185  2791.80764706
0.01852  2791.66621176
0.01854  2791.52477647
0.01856  2791.38334118
0.01858  2791.24190588
0.0186  2791.10047059
0.01862  2790.95903529
0.01864  2790.8176
0.01866  2790.67616471
0.01868  2790.53472941
0.0187  2790.39329412
0.01872  2790.25185882
0.01874  2790.11042353
0.01876  2789.96898824
0.01878  2789.82755294
0.0188  2789.68611765
0.01882  2789.54468235
0.01884  2789.40324706
0.01886  2789.26181176
0.01888  2789.12037647
0.0189  2788.97894118
0.01892  2788.83750588
0.01894  2788.69607059
0.01896  2788.55463529
0.01898  2788.4132
0.019  2788.27176471
0.01902  2788.13032941
0.01904  2787.98889412
0.01906  2787.84745882
0.01908  2787.70602353
0.0191  2787.56458824
0.01912  2787.42315294
0.01914  2787.28171765
0.01916  2787.14028235
0.01918  2786.99884706
0.0192  2786.85741176
0.01922  2786.71597647
0.01924  2786.57454118
0.01926  2786.43310588
0.01928  2786.29167059
0.0193  2786.15023529
0.01932  2786.0088
0.01934  2785.86736471
0.01936  2785.72592941
0.01938  2785.58449412
0.0194  2785.44305882
0.01942  2785.30162353
0.01944  2785.16018824
0.01946  2785.01875294
0.01948  2784.87731765
0.0195  2784.73588235
0.01952  2784.59444706
0.01954  2784.45301176
0.01956  2784.31157647
0.01958  2784.17014118
0.0196  2784.02870588
0.01962  2783.88727059
0.01964  2783.74583529
0.01966  2783.6044
0.01968  2783.46296471
0.0197  2783.32152941
0.01972  2783.18009412
0.01974  2783.03865882
0.01976  2782.89722353
0.01978  2782.75578824
0.0198  2782.61435294
0.01982  2782.47291765
0.01984  2782.33148235
0.01986  2782.19004706
0.01988  2782.04861176
0.0199  2781.90717647
0.01992  2781.76574118
0.01994  2781.62430588
0.01996  2781.48287059
0.01998  2781.34143529
0.02  2781.2
0.02002  2699.54
0.02004  2609.94
0.02006  2512.88
0.02008  2408.72
0.0201  2297.1
0.02012  2179.6
0.02014  2056.88
0.02016  1930.17
0.02018  1800.45
0.0202  1669.88
0.02022  1539.67
0.02024  1411.32
0.02026  1285.97
0.02028  1165.82
0.0203  1051.04
0.02032  942.518
0.02034  841.686
0.02036  747.898
0.02038  662.068
0.0204  583.918
0.02042  513.264
0.02044  449.794
0.02046  393.238
0.02048  342.848
0.0205  298.272
0.02052  258.91
0.02054  224.61
0.02056  194.431
0.02058  168.029
0.0206  145.104
0.02062  125.139
0.02064  107.871
0.02066  97.7994
0.02068  90.069
0.0207  84.335
0.02072  80.722
0.02074  79.41
0.02076  78.119
0.02078  78.9576
0.0208  81.1536
0.02082  84.8178
0.02084  91.1014
0.02086  97.7994
0.02088  109.101
0.0209  122.255
0.02092  138.425
0.02094  159.218
0.02096  183.907
0.02098  214.434
0.021  253.548
0.02102  294.682
0.02104  345.018
0.02106  406.874
0.02108  473.452
0.0211  546.418
0.02112  625.62
0.02114  713.21
0.02116  809.49
0.02118  907.054
0.0212  1019.01
0.02122  1122.29
0.02124  1234.91
0.02126  1329.3
0.02128  1444.29
0.0213  1543.28
0.02132  1648
0.02134  1738.86
0.02136  1839.06
0.02138  1919.73
0.0214  1998.45
0.02142  2077.12
0.02144  2144.28
0.02146  2214.78
0.02148  2270.78
0.0215  2320.8
0.02152  2370.2
0.02154  2413.92
0.02156  2452.78
0.02158  2483.14
0.0216  2524.34
0.02162  2549.72
0.02164  2581.42
0.02166  2608.98
0.02168  2629.18
0.0217  2655.82
0.02172  2668.9
0.02174  2687.96
0.02176  2703.66
0.02178  2722.26
0.0218  2740.3
0.02182  2755.1
0.02184  2766.64
0.02186  2772.66
0.02188  2783.96
0.0219  2795.3
0.02192  2803.78
0.02194  2811.98
0.02196  2820.1
0.02198  2828.14
0.022  2836.06
0.02202  2836.06
0.02204  2841.18
0.02206  2843.92
0.02208  2857.04
0.0221  2857.04
0.02212  2862
0.02214  2864.66
0.02216  2869.56
0.02218  2867.28
0.0222  2872.18
0.02222  2877.2
0.02224  2882.2
0.02226  2879.62
0.02228  2882.2
0.0223  2882.2
0.02232  2889.52
0.02234  2886.96
0.02236  2886.96
0.02238  2886.96
0.0224  2891.88
0.02242  2891.88
0.02244  2896.76
0.02246  2896.76
0.02248  2894.4
0.0225  2899.26
0.02252  2899.26
0.02254  2894.4
0.02256  2896.76
0.02258  2896.76
0.0226  2896.76
0.02262  2899.26
0.02264  2899.26
0.02266  2899.26
0.02268  2901.42
0.0227  2896.76
0.02272  2899.26
0.02274  2896.76
0.02276  2899.26
0.02278  2899.26
0.0228  2901.42
0.02282  2899.26
0.02284  2903.9
0.02286  2903.9
0.02288  2896.76
0.0229  2903.9
0.02292  2899.26
0.02294  2901.42
0.02296  2899.26
0.02298  2896.76
0.023  2901.42
0.02302  2901.27856471
0.02304  2901.13712941
0.02306  2900.99569412
0.02308  2900.85425882
0.0231  2900.71282353
0.02312  2900.57138824
0.02314  2900.42995294
0.02316  2900.28851765
0.02318  2900.14708235
0.0232  2900.00564706
0.02322  2899.86421176
0.02324  2899.72277647
0.02326  2899.58134118
0.02328  2899.43990588
0.0233  2899.29847059
0.02332  2899.15703529
0.02334  2899.0156
0.02336  2898.87416471
0.02338  2898.73272941
0.0234  2898.59129412
0.02342  2898.44985882
0.02344  2898.30842353
0.02346  2898.16698824
0.02348  2898.02555294
0.0235  2897.88411765
0.02352  2897.74268235
0.02354  2897.60124706
0.02356  2897.45981176
0.02358  2897.31837647
0.0236  2897.17694118
0.02362  2897.03550588
0.02364  2896.89407059
0.02366  2896.75263529
0.02368  2896.6112
0.0237  2896.46976471
0.02372  2896.32832941
0.02374  2896.18689412
0.02376  2896.04545882
0.02378  2895.90402353
0.0238  2895.76258824
0.02382  2895.62115294
0.02384  2895.47971765
0.02386  2895.33828235
0.02388  2895.19684706
0.0239  2895.05541176
0.02392  2894.91397647
0.02394  2894.77254118
0.02396  2894.63110588
0.02398  2894.48967059
0.024  2894.34823529
0.02402  2894.2068
0.02404  2894.06536471
0.02406  2893.92392941
0.02408  2893.78249412
0.0241  2893.64105882
0.02412  2893.49962353
0.02414  2893.35818824
0.02416  2893.21675294
0.02418  2893.07531765
0.0242  2892.93388235
0.02422  2892.79244706
0.02424  2892.65101176
0.02426  2892.50957647
0.02428  2892.36814118
0.0243  2892.22670588
0.02432  2892.08527059
0.02434  2891.94383529
0.02436  2891.8024
0.02438  2891.66096471
0.0244  2891.51952941
0.02442  2891.37809412
0.02444  2891.23665882
0.02446  2891.09522353
0.02448  2890.95378824
0.0245  2890.81235294
0.02452  2890.67091765
0.02454  2890.52948235
0.02456  2890.38804706
0.02458  2890.24661176
0.0246  2890.10517647
0.02462  2889.96374118
0.02464  2889.82230588
0.02466  2889.68087059
0.02468  2889.53943529
0.0247  2889.398
0.02472  2889.25656471
0.02474  2889.11512941
0.02476  2888.97369412
0.02478  2888.83225882
0.0248  2888.69082353
0.02482  2888.54938824
0.02484  2888.40795294
0.02486  2888.26651765
0.02488  2888.12508235
0.0249  2887.98364706
0.02492  2887.84221176
0.02494  2887.70077647
0.02496  2887.55934118
0.02498  2887.41790588
0.025  2887.27647059
0.02502  2887.13503529
0.02504  2886.9936
0.02506  2886.85216471
0.02508  2886.71072941
0.0251  2886.56929412
0.02512  2886.42785882
0.02514  2886.28642353
0.02516  2886.14498824
0.02518  2886.00355294
0.0252  2885.86211765
0.02522  2885.72068235
0.02524  2885.57924706
0.02526  2885.43781176
0.02528  2885.29637647
0.0253  2885.15494118
0.02532  2885.01350588
0.02534  2884.87207059
0.02536  2884.73063529
0.02538  2884.5892
0.0254  2884.44776471
0.02542  2884.30632941
0.02544  2884.16489412
0.02546  2884.02345882
0.02548  2883.88202353
0.0255  2883.74058824
0.02552  2883.59915294
0.02554  2883.45771765
0.02556  2883.31628235
0.02558  2883.17484706
0.0256  2883.03341176
0.02562  2882.89197647
0.02564  2882.75054118
0.02566  2882.60910588
0.02568  2882.46767059
0.0257  2882.32623529
0.02572  2882.1848
0.02574  2882.04336471
0.02576  2881.90192941
0.02578  2881.76049412
0.0258  2881.61905882
0.02582  2881.47762353
0.02584  2881.33618824
0.02586  2881.19475294
0.02588  2881.05331765
0.0259  2880.91188235
0.02592  2880.77044706
0.02594  2880.62901176
0.02596  2880.48757647
0.02598  2880.34614118
0.026  2880.20470588
0.02602  2880.06327059
0.02604  2879.92183529
0.02606  2879.7804
0.02608  2879.63896471
0.0261  2879.49752941
0.02612  2879.35609412
0.02614  2879.21465882
0.02616  2879.07322353
0.02618  2878.93178824
0.0262  2878.79035294
0.02622  2878.64891765
0.02624  2878.50748235
0.02626  2878.36604706
0.02628  2878.22461176
0.0263  2878.08317647
0.02632  2877.94174118
0.02634  2877.80030588
0.02636  2877.65887059
0.02638  2877.51743529
0.0264  2877.376
0.02642  2877.23456471
0.02644  2877.09312941
0.02646  2876.95169412
0.02648  2876.81025882
0.0265  2876.66882353
0.02652  2876.52738824
0.02654  2876.38595294
0.02656  2876.24451765
0.02658  2876.10308235
0.0266  2875.96164706
0.02662  2875.82021176
0.02664  2875.67877647
0.02666  2875.53734118
0.02668  2875.39590588
0.0267  2875.25447059
0.02672  2875.11303529
0.02674  2874.9716
0.02676  2874.83016471
0.02678  2874.68872941
0.0268  2874.54729412
0.02682  2874.40585882
0.02684  2874.26442353
0.02686  2874.12298824
0.02688  2873.98155294
0.0269  2873.84011765
0.02692  2873.69868235
0.02694  2873.55724706
0.02696  2873.41581176
0.02698  2873.27437647
0.027  2873.13294118
0.02702  2872.99150588
0.02704  2872.85007059
0.02706  2872.70863529
0.02708  2872.5672
0.0271  2872.42576471
0.02712  2872.28432941
0.02714  2872.14289412
0.02716  2872.00145882
0.02718  2871.86002353
0.0272  2871.71858824
0.02722  2871.57715294
0.02724  2871.43571765
0.02726  2871.29428235
0.02728  2871.15284706
0.0273  2871.01141176
0.02732  2870.86997647
0.02734  2870.72854118
0.02736  2870.58710588
0.02738  2870.44567059
0.0274  2870.30423529
0.02742  2870.1628
0.02744  2870.02136471
0.02746  2869.87992941
0.02748  2869.73849412
0.0275  2869.59705882
0.02752  2869.45562353
0.02754  2869.31418824
0.02756  2869.17275294
0.02758  2869.03131765
0.0276  2868.88988235
0.02762  2868.74844706
0.02764  2868.60701176
0.02766  2868.46557647
0.02768  2868.32414118
0.0277  2868.18270588
0.02772  2868.04127059
0.02774  2867.89983529
0.02776  2867.7584
0.02778  2867.61696471
0.0278  2867.47552941
0.02782  2867.33409412
0.02784  2867.19265882
0.02786  2867.05122353
0.02788  2866.90978824
0.0279  2866.76835294
0.02792  2866.62691765
0.02794  2866.48548235
0.02796  2866.34404706
0.02798  2866.20261176
0.028  2866.06117647
0.02802  2865.91974118
0.02804  2865.77830588
0.02806  2865.63687059
0.02808  2865.49543529
0.0281  2865.354
0.02812  2865.21256471
0.02814  2865.07112941
0.02816  2864.92969412
0.02818  2864.78825882
0.0282  2864.64682353
0.02822  2864.50538824
0.02824  2864.36395294
0.02826  2864.22251765
0.02828  2864.08108235
0.0283  2863.93964706
0.02832  2863.79821176
0.02834  2863.65677647
0.02836  2863.51534118
0.02838  2863.37390588
0.0284  2863.23247059
0.02842  2863.09103529
0.02844  2862.9496
0.02846  2862.80816471
0.02848  2862.66672941
0.0285  2862.52529412
0.02852  2862.38385882
0.02854  2862.24242353
0.02856  2862.10098824
0.02858  2861.95955294
0.0286  2861.81811765
0.02862  2861.67668235
0.02864  2861.53524706
0.02866  2861.39381176
0.02868  2861.25237647
0.0287  2861.11094118
0.02872  2860.96950588
0.02874  2860.82807059
0.02876  2860.68663529
0.02878  2860.5452
0.0288  2860.40376471
0.02882  2860.26232941
0.02884  2860.12089412
0.02886  2859.97945882
0.02888  2859.83802353
0.0289  2859.69658824
0.02892  2859.55515294
0.02894  2859.41371765
0.02896  2859.27228235
0.02898  2859.13084706
0.029  2858.98941176
0.02902  2858.84797647
0.02904  2858.70654118
0.02906  2858.56510588
0.02908  2858.42367059
0.0291  2858.28223529
0.02912  2858.1408
0.02914  2857.99936471
0.02916  2857.85792941
0.02918  2857.71649412
0.0292  2857.57505882
0.02922  2857.43362353
0.02924  2857.29218824
0.02926  2857.15075294
0.02928  2857.00931765
0.0293  2856.86788235
0.02932  2856.72644706
0.02934  2856.58501176
0.02936  2856.44357647
0.02938  2856.30214118
0.0294  2856.16070588
0.02942  2856.01927059
0.02944  2855.87783529
0.02946  2855.7364
0.02948  2855.59496471
0.0295  2855.45352941
0.02952  2855.31209412
0.02954  2855.17065882
0.02956  2855.02922353
0.02958  2854.88778824
0.0296  2854.74635294
0.02962  2854.60491765
0.02964  2854.46348235
0.02966  2854.32204706
0.02968  2854.18061176
0.0297  2854.03917647
0.02972  2853.89774118
0.02974  2853.75630588
0.02976  2853.61487059
0.02978  2853.47343529
0.0298  2853.332
0.02982  2853.19056471
0.02984  2853.04912941
0.02986  2852.90769412
0.02988  2852.76625882
0.0299  2852.62482353
0.02992  2852.48338824
0.02994  2852.34195294
0.02996  2852.20051765
0.02998  2852.05908235
0.03  2851.91764706
0.03002  2851.77621176
0.03004  2851.63477647
0.03006  2851.49334118
0.03008  2851.35190588
0.0301  2851.21047059
0.03012  2851.06903529
0.03014  2850.9276
0.03016  2850.78616471
0.03018  2850.64472941
0.0302  2850.50329412
0.03022  2850.36185882
0.03024  2850.22042353
0.03026  2850.07898824
0.03028  2849.93755294
0.0303  2849.79611765
0.03032  2849.65468235
0.03034  2849.51324706
0.03036  2849.37181176
0.03038  2849.23037647
0.0304  2849.08894118
0.03042  2848.94750588
0.03044  2848.80607059
0.03046  2848.66463529
0.03048  2848.5232
0.0305  2848.38176471
0.03052  2848.24032941
0.03054  2848.09889412
0.03056  2847.95745882
0.03058  2847.81602353
0.0306  2847.67458824
0.03062  2847.53315294
0.03064  2847.39171765
0.03066  2847.25028235
0.03068  2847.10884706
0.0307  2846.96741176
0.03072  2846.82597647
0.03074  2846.68454118
0.03076  2846.54310588
0.03078  2846.40167059
0.0308  2846.26023529
0.03082  2846.1188
0.03084  2845.97736471
0.03086  2845.83592941
0.03088  2845.69449412
0.0309  2845.55305882
0.03092  2845.41162353
0.03094  2845.27018824
0.03096  2845.12875294
0.03098  2844.98731765
0.031  2844.84588235
0.03102  2844.70444706
0.03104  2844.56301176
0.03106  2844.42157647
0.03108  2844.28014118
0.0311  2844.13870588
0.03112  2843.99727059
0.03114  2843.85583529
0.03116  2843.7144
0.03118  2843.57296471
0.0312  2843.43152941
0.03122  2843.29009412
0.03124  2843.14865882
0.03126  2843.00722353
0.03128  2842.86578824
0.0313  2842.72435294
0.03132  2842.58291765
0.03134  2842.44148235
0.03136  2842.30004706
0.03138  2842.15861176
0.0314  2842.01717647
0.03142  2841.87574118
0.03144  2841.73430588
0.03146  2841.59287059
0.03148  2841.45143529
0.0315  2841.31
0.03152  2841.16856471
0.03154  2841.02712941
0.03156  2840.88569412
0.03158  2840.74425882
0.0316  2840.60282353
0.03162  2840.46138824
0.03164  2840.31995294
0.03166  2840.17851765
0.03168  2840.03708235
0.0317  2839.89564706
0.03172  2839.75421176
0.03174  2839.61277647
0.03176  2839.47134118
0.03178  2839.32990588
0.0318  2839.18847059
0.03182  2839.04703529
0.03184  2838.9056
0.03186  2838.76416471
0.03188  2838.62272941
0.0319  2838.48129412
0.03192  2838.33985882
0.03194  2838.19842353
0.03196  2838.05698824
0.03198  2837.91555294
0.032  2837.77411765
0.03202  2837.63268235
0.03204  2837.49124706
0.03206  2837.34981176
0.03208  2837.20837647
0.0321  2837.06694118
0.03212  2836.92550588
0.03214  2836.78407059
0.03216  2836.64263529
0.03218  2836.5012
0.0322  2836.35976471
0.03222  2836.21832941
0.03224  2836.07689412
0.03226  2835.93545882
0.03228  2835.79402353
0.0323  2835.65258824
0.03232  2835.51115294
0.03234  2835.36971765
0.03236  2835.22828235
0.03238  2835.08684706
0.0324  2834.94541176
0.03242  2834.80397647
0.03244  2834.66254118
0.03246  2834.52110588
0.03248  2834.37967059
0.0325  2834.23823529
0.03252  2834.0968
0.03254  2833.95536471
0.03256  2833.81392941
0.03258  2833.67249412
0.0326  2833.53105882
0.03262  2833.38962353
0.03264  2833.24818824
0.03266  2833.10675294
0.03268  2832.96531765
0.0327  2832.82388235
0.03272  2832.68244706
0.03274  2832.54101176
0.03276  2832.39957647
0.03278  2832.25814118
0.0328  2832.11670588
0.03282  2831.97527059
0.03284  2831.83383529
0.03286  2831.6924
0.03288  2831.55096471
0.0329  2831.40952941
0.03292  2831.26809412
0.03294  2831.12665882
0.03296  2830.98522353
0.03298  2830.84378824
0.033  2830.70235294
0.03302  2830.56091765
0.03304  2830.41948235
0.03306  2830.27804706
0.03308  2830.13661176
0.0331  2829.99517647
0.03312  2829.85374118
0.03314  2829.71230588
0.03316  2829.57087059
0.03318  2829.42943529
0.0332  2829.288
0.03322  2829.14656471
0.03324  2829.00512941
0.03326  2828.86369412
0.03328  2828.72225882
0.0333  2828.58082353
0.03332  2828.43938824
0.03334  2828.29795294
0.03336  2828.15651765
0.03338  2828.01508235
0.0334  2827.87364706
0.03342  2827.73221176
0.03344  2827.59077647
0.03346  2827.44934118
0.03348  2827.30790588
0.0335  2827.16647059
0.03352  2827.02503529
0.03354  2826.8836
0.03356  2826.74216471
0.03358  2826.60072941
0.0336  2826.45929412
0.03362  2826.31785882
0.03364  2826.17642353
0.03366  2826.03498824
0.03368  2825.89355294
0.0337  2825.75211765
0.03372  2825.61068235
0.03374  2825.46924706
0.03376  2825.32781176
0.03378  2825.18637647
0.0338  2825.04494118
0.03382  2824.90350588
0.03384  2824.76207059
0.03386  2824.62063529
0.03388  2824.4792
0.0339  2824.33776471
0.03392  2824.19632941
0.03394  2824.05489412
0.03396  2823.91345882
0.03398  2823.77202353
0.034  2823.63058824
0.03402  2823.48915294
0.03404  2823.34771765
0.03406  2823.20628235
0.03408  2823.06484706
0.0341  2822.92341176
0.03412  2822.78197647
0.03414  2822.64054118
0.03416  2822.49910588
0.03418  2822.35767059
0.0342  2822.21623529
0.03422  2822.0748
0.03424  2821.93336471
0.03426  2821.79192941
0.03428  2821.65049412
0.0343  2821.50905882
0.03432  2821.36762353
0.03434  2821.22618824
0.03436  2821.08475294
0.03438  2820.94331765
0.0344  2820.80188235
0.03442  2820.66044706
0.03444  2820.51901176
0.03446  2820.37757647
0.03448  2820.23614118
0.0345  2820.09470588
0.03452  2819.95327059
0.03454  2819.81183529
0.03456  2819.6704
0.03458  2819.52896471
0.0346  2819.38752941
0.03462  2819.24609412
0.03464  2819.10465882
0.03466  2818.96322353
0.03468  2818.82178824
0.0347  2818.68035294
0.03472  2818.53891765
0.03474  2818.39748235
0.03476  2818.25604706
0.03478  2818.11461176
0.0348  2817.97317647
0.03482  2817.83174118
0.03484  2817.69030588
0.03486  2817.54887059
0.03488  2817.40743529
0.0349  2817.266
0.03492  2817.12456471
0.03494  2816.98312941
0.03496  2816.84169412
0.03498  2816.70025882
0.035  2816.55882353
0.03502  2816.41738824
0.03504  2816.27595294
0.03506  2816.13451765
0.03508  2815.99308235
0.0351  2815.85164706
0.03512  2815.71021176
0.03514  2815.56877647
0.03516  2815.42734118
0.03518  2815.28590588
0.0352  2815.14447059
0.03522  2815.00303529
0.03524  2814.8616
0.03526  2814.72016471
0.03528  2814.57872941
0.0353  2814.43729412
0.03532  2814.29585882
0.03534  2814.15442353
0.03536  2814.01298824
0.03538  2813.87155294
0.0354  2813.73011765
0.03542  2813.58868235
0.03544  2813.44724706
0.03546  2813.30581176
0.03548  2813.16437647
0.0355  2813.02294118
0.03552  2812.88150588
0.03554  2812.74007059
0.03556  2812.59863529
0.03558  2812.4572
0.0356  2812.31576471
0.03562  2812.17432941
0.03564  2812.03289412
0.03566  2811.89145882
0.03568  2811.75002353
0.0357  2811.60858824
0.03572  2811.46715294
0.03574  2811.32571765
0.03576  2811.18428235
0.03578  2811.04284706
0.0358  2810.90141176
0.03582  2810.75997647
0.03584  2810.61854118
0.03586  2810.47710588
0.03588  2810.33567059
0.0359  2810.19423529
0.03592  2810.0528
0.03594  2809.91136471
0.03596  2809.76992941
0.03598  2809.62849412
0.036  2809.48705882
0.03602  2809.34562353
0.03604  2809.20418824
0.03606  2809.06275294
0.03608  2808.92131765
0.0361  2808.77988235
0.03612  2808.63844706
0.03614  2808.49701176
0.03616  2808.35557647
0.03618  2808.21414118
0.0362  2808.07270588
0.03622  2807.93127059
0.03624  2807.78983529
0.03626  2807.6484
0.03628  2807.50696471
0.0363  2807.36552941
0.03632  2807.22409412
0.03634  2807.08265882
0.03636  2806.94122353
0.03638  2806.79978824
0.0364  2806.65835294
0.03642  2806.51691765
0.03644  2806.37548235
0.03646  2806.23404706
0.03648  2806.09261176
0.0365  2805.95117647
0.03652  2805.80974118
0.03654  2805.66830588
0.03656  2805.52687059
0.03658  2805.38543529
0.0366  2805.244
0.03662  2805.10256471
0.03664  2804.96112941
0.03666  2804.81969412
0.03668  2804.67825882
0.0367  2804.53682353
0.03672  2804.39538824
0.03674  2804.25395294
0.03676  2804.11251765
0.03678  2803.97108235
0.0368  2803.82964706
0.03682  2803.68821176
0.03684  2803.54677647
0.03686  2803.40534118
0.03688  2803.26390588
0.0369  2803.12247059
0.03692  2802.98103529
0.03694  2802.8396
0.03696  2802.69816471
0.03698  2802.55672941
0.037  2802.41529412
0.03702  2802.27385882
0.03704  2802.13242353
0.03706  2801.99098824
0.03708  2801.84955294
0.0371  2801.70811765
0.03712  2801.56668235
0.03714  2801.42524706
0.03716  2801.28381176
0.03718  2801.14237647
0.0372  2801.00094118
0.03722  2800.85950588
0.03724  2800.71807059
0.03726  2800.57663529
0.03728  2800.4352
0.0373  2800.29376471
0.03732  2800.15232941
0.03734  2800.01089412
0.03736  2799.86945882
0.03738  2799.72802353
0.0374  2799.58658824
0.03742  2799.44515294
0.03744  2799.30371765
0.03746  2799.16228235
0.03748  2799.02084706
0.0375  2798.87941176
0.03752  2798.73797647
0.03754  2798.59654118
0.03756  2798.45510588
0.03758  2798.31367059
0.0376  2798.17223529
0.03762  2798.0308
0.03764  2797.88936471
0.03766  2797.74792941
0.03768  2797.60649412
0.0377  2797.46505882
0.03772  2797.32362353
0.03774  2797.18218824
0.03776  2797.04075294
0.03778  2796.89931765
0.0378  2796.75788235
0.03782  2796.61644706
0.03784  2796.47501176
0.03786  2796.33357647
0.03788  2796.19214118
0.0379  2796.05070588
0.03792  2795.90927059
0.03794  2795.76783529
0.03796  2795.6264
0.03798  2795.48496471
0.038  2795.34352941
0.03802  2795.20209412
0.03804  2795.06065882
0.03806  2794.91922353
0.03808  2794.77778824
0.0381  2794.63635294
0.03812  2794.49491765
0.03814  2794.35348235
0.03816  2794.21204706
0.03818  2794.07061176
0.0382  2793.92917647
0.03822  2793.78774118
0.03824  2793.64630588
0.03826  2793.50487059
0.03828  2793.36343529
0.0383  2793.222
0.03832  2793.08056471
0.03834  2792.93912941
0.03836  2792.79769412
0.03838  2792.65625882
0.0384  2792.51482353
0.03842  2792.37338824
0.03844  2792.23195294
0.03846  2792.09051765
0.03848  2791.94908235
0.0385  2791.80764706
0.03852  2791.66621176
0.03854  2791.52477647
0.03856  2791.38334118
0.03858  2791.24190588
0.0386  2791.10047059
0.03862  2790.95903529
0.03864  2790.8176
0.03866  2790.67616471
0.03868  2790.53472941
0.0387  2790.39329412
0.03872  2790.25185882
0.03874  2790.11042353
0.03876  2789.96898824
0.03878  2789.82755294
0.0388  2789.68611765
0.03882  2789.54468235
0.03884  2789.40324706
0.03886  2789.26181176
0.03888  2789.12037647
0.0389  2788.97894118
0.03892  2788.83750588
0.03894  2788.69607059
0.03896  2788.55463529
0.03898  2788.4132
0.039  2788.27176471
0.03902  2788.13032941
0.03904  2787.98889412
0.03906  2787.84745882
0.03908  2787.70602353
0.0391  2787.56458824
0.03912  2787.42315294
0.03914  2787.28171765
0.03916  2787.14028235
0.03918  2786.99884706
0.0392  2786.85741176
0.03922  2786.71597647
0.03924  2786.57454118
0.03926  2786.43310588
0.03928  2786.29167059
0.0393  2786.15023529
0.03932  2786.0088
0.03934  2785.86736471
0.03936  2785.72592941
0.03938  2785.58449412
0.0394  2785.44305882
0.03942  2785.30162353
0.03944  2785.16018824
0.03946  2785.01875294
0.03948  2784.87731765
0.0395  2784.73588235
0.03952  2784.59444706
0.03954  2784.45301176
0.03956  2784.31157647
0.03958  2784.17014118
0.0396  2784.02870588
0.03962  2783.88727059
0.03964  2783.74583529
0.03966  2783.6044
0.03968  2783.46296471
0.0397  2783.32152941
0.03972  2783.18009412
0.03974  2783.03865882
0.03976  2782.89722353
0.03978  2782.75578824
0.0398  2782.61435294
0.03982  2782.47291765
0.03984  2782.33148235
0.03986  2782.19004706
0.03988  2782.04861176
0.0399  2781.90717647
0.03992  2781.76574118
0.03994  2781.62430588
0.03996  2781.48287059
0.03998  2781.34143529
0.04  2781.2
0.04002  2699.54
0.04004  2609.94
0.04006  2512.88
0.04008  2408.72
0.0401  2297.1
0.04012  2179.6
0.04014  2056.88
0.04016  1930.17
0.04018  1800.45
0.0402  1669.88
0.04022  1539.67
0.04024  1411.32
0.04026  1285.97
0.04028  1165.82
0.0403  1051.04
0.04032  942.518
0.04034  841.686
0.04036  747.898
0.04038  662.068
0.0404  583.918
0.04042  513.264
0.04044  449.794
0.04046  393.238
0.04048  342.848
0.0405  298.272
0.04052  258.91
0.04054  224.61
0.04056  194.431
0.04058  168.029
0.0406  145.104
0.04062  125.139
0.04064  107.871
0.04066  97.7994
0.04068  90.069
0.0407  84.335
0.04072  80.722
0.04074  79.41
0.04076  78.119
0.04078  78.9576
0.0408  81.1536
0.04082  84.8178
0.04084  91.1014
0.04086  97.7994
0.04088  109.101
0.0409  122.255
0.04092  138.425
0.04094  159.218
0.04096  183.907
0.04098  214.434
0.041  253.548
0.04102  294.682
0.04104  345.018
0.04106  406.874
0.04108  473.452
0.0411  546.418
0.04112  625.62
0.04114  713.21
0.04116  809.49
0.04118  907.054
0.0412  1019.01
0.04122  1122.29
0.04124  1234.91
0.04126  1329.3
0.04128  1444.29
0.0413  1543.28
0.04132  1648
0.04134  1738.86
0.04136  1839.06
0.04138  1919.73
0.0414  1998.45
0.04142  2077.12
0.04144  2144.28
0.04146  2214.78
0.04148  2270.78
0.0415  2320.8
0.04152  2370.2
0.04154  2413.92
0.04156  2452.78
0.04158  2483.14
0.0416  2524.34
0.04162  2549.72
0.04164  2581.42
0.04166  2608.98
0.04168  2629.18
0.0417  2655.82
0.04172  2668.9
0.04174  2687.96
0.04176  2703.66
0.04178  2722.26
0.0418  2740.3
0.04182  2755.1
0.04184  2766.64
0.04186  2772.66
0.04188  2783.96
0.0419  2795.3
0.04192  2803.78
0.04194  2811.98
0.04196  2820.1
0.04198  2828.14
0.042  2836.06
0.04202  2836.06
0.04204  2841.18
0.04206  2843.92
0.04208  2857.04
0.0421  2857.04
0.04212  2862
0.04214  2864.66
0.04216  2869.56
0.04218  2867.28
0.0422  2872.18
0.04222  2877.2
0.04224  2882.2
0.04226  2879.62
0.04228  2882.2
0.0423  2882.2
0.04232  2889.52
0.04234  2886.96
0.04236  2886.96
0.04238  2886.96
0.0424  2891.88
0.04242  2891.88
0.04244  2896.76
0.04246  2896.76
0.04248  2894.4
0.0425  2899.26
0.04252  2899.26
0.04254  2894.4
0.04256  2896.76
0.04258  2896.76
0.0426  2896.76
0.04262  2899.26
0.04264  2899.26
0.04266  2899.26
0.04268  2901.42
0.0427  2896.76
0.04272  2899.26
0.04274  2896.76
0.04276  2899.26
0.04278  2899.26
0.0428  2901.42
0.04282  2899.26
0.04284  2903.9
0.04286  2903.9
0.04288  2896.76
0.0429  2903.9
0.04292  2899.26
0.04294  2901.42
0.04296  2899.26
0.04298  2896.76
0.043  2901.42
0.04302  2901.27856471
0.04304  2901.13712941
0.04306  2900.99569412
0.04308  2900.85425882
0.0431  2900.71282353
0.04312  2900.57138824
0.04314  2900.42995294
0.04316  2900.28851765
0.04318  2900.14708235
0.0432  2900.00564706
0.04322  2899.86421176
0.04324  2899.72277647
0.04326  2899.58134118
0.04328  2899.43990588
0.0433  2899.29847059
0.04332  2899.15703529
0.04334  2899.0156
0.04336  2898.87416471
0.04338  2898.73272941
0.0434  2898.59129412
0.04342  2898.44985882
0.04344  2898.30842353
0.04346  2898.16698824
0.04348  2898.02555294
0.0435  2897.88411765
0.04352  2897.74268235
0.04354  2897.60124706
0.04356  2897.45981176
0.04358  2897.31837647
0.0436  2897.17694118
0.04362  2897.03550588
0.04364  2896.89407059
0.04366  2896.75263529
0.04368  2896.6112
0.0437  2896.46976471
0.04372  2896.32832941
0.04374  2896.18689412
0.04376  2896.04545882
0.04378  2895.90402353
0.0438  2895.76258824
0.04382  2895.62115294
0.04384  2895.47971765
0.04386  2895.33828235
0.04388  2895.19684706
0.0439  2895.05541176
0.04392  2894.91397647
0.04394  2894.77254118
0.04396  2894.63110588
0.04398  2894.48967059
0.044  2894.34823529
0.04402  2894.2068
0.04404  2894.06536471
0.04406  2893.92392941
0.04408  2893.78249412
0.0441  2893.64105882
0.04412  2893.49962353
0.04414  2893.35818824
0.04416  2893.21675294
0.04418  2893.07531765
0.0442  2892.93388235
0.04422  2892.79244706
0.04424  2892.65101176
0.04426  2892.50957647
0.04428  2892.36814118
0.0443  2892.22670588
0.04432  2892.08527059
0.04434  2891.94383529
0.04436  2891.8024
0.04438  2891.66096471
0.0444  2891.51952941
0.04442  2891.37809412
0.04444  2891.23665882
0.04446  2891.09522353
0.04448  2890.95378824
0.0445  2890.81235294
0.04452  2890.67091765
0.04454  2890.52948235
0.04456  2890.38804706
0.04458  2890.24661176
0.0446  2890.10517647
0.04462  2889.96374118
0.04464  2889.82230588
0.04466  2889.68087059
0.04468  2889.53943529
0.0447  2889.398
0.04472  2889.25656471
0.04474  2889.11512941
0.04476  2888.97369412
0.04478  2888.83225882
0.0448  2888.69082353
0.04482  2888.54938824
0.04484  2888.40795294
0.04486  2888.26651765
0.04488  2888.12508235
0.0449  2887.98364706
0.04492  2887.84221176
0.04494  2887.70077647
0.04496  2887.55934118
0.04498  2887.41790588
0.045  2887.27647059
0.04502  2887.13503529
0.04504  2886.9936
0.04506  2886.85216471
0.04508  2886.71072941
0.0451  2886.56929412
0.04512  2886.42785882
0.04514  2886.28642353
0.04516  2886.14498824
0.04518  2886.00355294
0.0452  2885.86211765
0.04522  2885.72068235
0.04524  2885.57924706
0.04526  2885.43781176
0.04528  2885.29637647
0.0453  2885.15494118
0.04532  2885.01350588
0.04534  2884.87207059
0.04536  2884.73063529
0.04538  2884.5892
0.0454  2884.44776471
0.04542  2884.30632941
0.04544  2884.16489412
0.04546  2884.02345882
0.04548  2883.88202353
0.0455  2883.74058824
0.04552  2883.59915294
0.04554  2883.45771765
0.04556  2883.31628235
0.04558  2883.17484706
0.0456  2883.03341176
0.04562  2882.89197647
0.04564  2882.75054118
0.04566  2882.60910588
0.04568  2882.46767059
0.0457  2882.32623529
0.04572  2882.1848
0.04574  2882.04336471
0.04576  2881.90192941
0.04578  2881.76049412
0.0458  2881.61905882
0.04582  2881.47762353
0.04584  2881.33618824
0.04586  2881.19475294
0.04588  2881.05331765
0.0459  2880.91188235
0.04592  2880.77044706
0.04594  2880.62901176
0.04596  2880.48757647
0.04598  2880.34614118
0.046  2880.20470588
0.04602  2880.06327059
0.04604  2879.92183529
0.04606  2879.7804
0.04608  2879.63896471
0.0461  2879.49752941
0.04612  2879.35609412
0.04614  2879.21465882
0.04616  2879.07322353
0.04618  2878.93178824
0.0462  2878.79035294
0.04622  2878.64891765
0.04624  2878.50748235
0.04626  2878.36604706
0.04628  2878.22461176
0.0463  2878.08317647
0.04632  2877.94174118
0.04634  2877.80030588
0.04636  2877.65887059
0.04638  2877.51743529
0.0464  2877.376
0.04642  2877.23456471
0.04644  2877.09312941
0.04646  2876.95169412
0.04648  2876.81025882
0.0465  2876.66882353
0.04652  2876.52738824
0.04654  2876.38595294
0.04656  2876.24451765
0.04658  2876.10308235
0.0466  2875.96164706
0.04662  2875.82021176
0.04664  2875.67877647
0.04666  2875.53734118
0.04668  2875.39590588
0.0467  2875.25447059
0.04672  2875.11303529
0.04674  2874.9716
0.04676  2874.83016471
0.04678  2874.68872941
0.0468  2874.54729412
0.04682  2874.40585882
0.04684  2874.26442353
0.04686  2874.12298824
0.04688  2873.98155294
0.0469  2873.84011765
0.04692  2873.69868235
0.04694  2873.55724706
0.04696  2873.41581176
0.04698  2873.27437647
0.047  2873.13294118
0.04702  2872.99150588
0.04704  2872.85007059
0.04706  2872.70863529
0.04708  2872.5672
0.0471  2872.42576471
0.04712  2872.28432941
0.04714  2872.14289412
0.04716  2872.00145882
0.04718  2871.86002353
0.0472  2871.71858824
0.04722  2871.57715294
0.04724  2871.43571765
0.04726  2871.29428235
0.04728  2871.15284706
0.0473  2871.01141176
0.04732  2870.86997647
0.04734  2870.72854118
0.04736  2870.58710588
0.04738  2870.44567059
0.0474  2870.30423529
0.04742  2870.1628
0.04744  2870.02136471
0.04746  2869.87992941
0.04748  2869.73849412
0.0475  2869.59705882
0.04752  2869.45562353
0.04754  2869.31418824
0.04756  2869.17275294
0.04758  2869.03131765
0.0476  2868.88988235
0.04762  2868.74844706
0.04764  2868.60701176
0.04766  2868.46557647
0.04768  2868.32414118
0.0477  2868.18270588
0.04772  2868.04127059
0.04774  2867.89983529
0.04776  2867.7584
0.04778  2867.61696471
0.0478  2867.47552941
0.04782  2867.33409412
0.04784  2867.19265882
0.04786  2867.05122353
0.04788  2866.90978824
0.0479  2866.76835294
0.04792  2866.62691765
0.04794  2866.48548235
0.04796  2866.34404706
0.04798  2866.20261176
0.048  2866.06117647
0.04802  2865.91974118
0.04804  2865.77830588
0.04806  2865.63687059
0.04808  2865.49543529
0.0481  2865.354
0.04812  2865.21256471
0.04814  2865.07112941
0.04816  2864.92969412
0.04818  2864.78825882
0.0482  2864.64682353
0.04822  2864.50538824
0.04824  2864.36395294
0.04826  2864.22251765
0.04828  2864.08108235
0.0483  2863.93964706
0.04832  2863.79821176
0.04834  2863.65677647
0.04836  2863.51534118
0.04838  2863.37390588
0.0484  2863.23247059
0.04842  2863.09103529
0.04844  2862.9496
0.04846  2862.80816471
0.04848  2862.66672941
0.0485  2862.52529412
0.04852  2862.38385882
0.04854  2862.24242353
0.04856  2862.10098824
0.04858  2861.95955294
0.0486  2861.81811765
0.04862  2861.67668235
0.04864  2861.53524706
0.04866  2861.39381176
0.04868  2861.25237647
0.0487  2861.11094118
0.04872  2860.96950588
0.04874  2860.82807059
0.04876  2860.68663529
0.04878  2860.5452
0.0488  2860.40376471
0.04882  2860.26232941
0.04884  2860.12089412
0.04886  2859.97945882
0.04888  2859.83802353
0.0489  2859.69658824
0.04892  2859.55515294
0.04894  2859.41371765
0.04896  2859.27228235
0.04898  2859.13084706
0.049  2858.98941176
0.04902  2858.84797647
0.04904  2858.70654118
0.04906  2858.56510588
0.04908  2858.42367059
0.0491  2858.28223529
0.04912  2858.1408
0.04914  2857.99936471
0.04916  2857.85792941
0.04918  2857.71649412
0.0492  2857.57505882
0.04922  2857.43362353
0.04924  2857.29218824
0.04926  2857.15075294
0.04928  2857.00931765
0.0493  2856.86788235
0.04932  2856.72644706
0.04934  2856.58501176
0.04936  2856.44357647
0.04938  2856.30214118
0.0494  2856.16070588
0.04942  2856.01927059
0.04944  2855.87783529
0.04946  2855.7364
0.04948  2855.59496471
0.0495  2855.45352941
0.04952  2855.31209412
0.04954  2855.17065882
0.04956  2855.02922353
0.04958  2854.88778824
0.0496  2854.74635294
0.04962  2854.60491765
0.04964  2854.46348235
0.04966  2854.32204706
0.04968  2854.18061176
0.0497  2854.03917647
0.04972  2853.89774118
0.04974  2853.75630588
0.04976  2853.61487059
0.04978  2853.47343529
0.0498  2853.332
0.04982  2853.19056471
0.04984  2853.04912941
0.04986  2852.90769412
0.04988  2852.76625882
0.0499  2852.62482353
0.04992  2852.48338824
0.04994  2852.34195294
0.04996  2852.20051765
0.04998  2852.05908235
0.05  2851.91764706
0.05002  2851.77621176
0.05004  2851.63477647
0.05006  2851.49334118
0.05008  2851.35190588
0.0501  2851.21047059
0.05012  2851.06903529
0.05014  2850.9276
0.05016  2850.78616471
0.05018  2850.64472941
0.0502  2850.50329412
0.05022  2850.36185882
0.05024  2850.22042353
0.05026  2850.07898824
0.05028  2849.93755294
0.0503  2849.79611765
0.05032  2849.65468235
0.05034  2849.51324706
0.05036  2849.37181176
0.05038  2849.23037647
0.0504  2849.08894118
0.05042  2848.94750588
0.05044  2848.80607059
0.05046  2848.66463529
0.05048  2848.5232
0.0505  2848.38176471
0.05052  2848.24032941
0.05054  2848.09889412
0.05056  2847.95745882
0.05058  2847.81602353
0.0506  2847.67458824
0.05062  2847.53315294
0.05064  2847.39171765
0.05066  2847.25028235
0.05068  2847.10884706
0.0507  2846.96741176
0.05072  2846.82597647
0.05074  2846.68454118
0.05076  2846.54310588
0.05078  2846.40167059
0.0508  2846.26023529
0.05082  2846.1188
0.05084  2845.97736471
0.05086  2845.83592941
0.05088  2845.69449412
0.0509  2845.55305882
0.05092  2845.41162353
0.05094  2845.27018824
0.05096  2845.12875294
0.05098  2844.98731765
0.051  2844.84588235
0.05102  2844.70444706
0.05104  2844.56301176
0.05106  2844.42157647
0.05108  2844.28014118
0.0511  2844.13870588
0.05112  2843.99727059
0.05114  2843.85583529
0.05116  2843.7144
0.05118  2843.57296471
0.0512  2843.43152941
0.05122  2843.29009412
0.05124  2843.14865882
0.05126  2843.00722353
0.05128  2842.86578824
0.0513  2842.72435294
0.05132  2842.58291765
0.05134  2842.44148235
0.05136  2842.30004706
0.05138  2842.15861176
0.0514  2842.01717647
0.05142  2841.87574118
0.05144  2841.73430588
0.05146  2841.59287059
0.05148  2841.45143529
0.0515  2841.31
0.05152  2841.16856471
0.05154  2841.02712941
0.05156  2840.88569412
0.05158  2840.74425882
0.0516  2840.60282353
0.05162  2840.46138824
0.05164  2840.31995294
0.05166  2840.17851765
0.05168  2840.03708235
0.0517  2839.89564706
0.05172  2839.75421176
0.05174  2839.61277647
0.05176  2839.47134118
0.05178  2839.32990588
0.0518  2839.18847059
0.05182  2839.04703529
0.05184  2838.9056
0.05186  2838.76416471
0.05188  2838.62272941
0.0519  2838.48129412
0.05192  2838.33985882
0.05194  2838.19842353
0.05196  2838.05698824
0.05198  2837.91555294
0.052  2837.77411765
0.05202  2837.63268235
0.05204  2837.49124706
0.05206  2837.34981176
0.05208  2837.20837647
0.0521  2837.06694118
0.05212  2836.92550588
0.05214  2836.78407059
0.05216  2836.64263529
0.05218  2836.5012
0.0522  2836.35976471
0.05222  2836.21832941
0.05224  2836.07689412
0.05226  2835.93545882
0.05228  2835.79402353
0.0523  2835.65258824
0.05232  2835.51115294
0.05234  2835.36971765
0.05236  2835.22828235
0.05238  2835.08684706
0.0524  2834.94541176
0.05242  2834.80397647
0.05244  2834.66254118
0.05246  2834.52110588
0.05248  2834.37967059
0.0525  2834.23823529
0.05252  2834.0968
0.05254  2833.95536471
0.05256  2833.81392941
0.05258  2833.67249412
0.0526  2833.53105882
0.05262  2833.38962353
0.05264  2833.24818824
0.05266  2833.10675294
0.05268  2832.96531765
0.0527  2832.82388235
0.05272  2832.68244706
0.05274  2832.54101176
0.05276  2832.39957647
0.05278  2832.25814118
0.0528  2832.11670588
0.05282  2831.97527059
0.05284  2831.83383529
0.05286  2831.6924
0.05288  2831.55096471
0.0529  2831.40952941
0.05292  2831.26809412
0.05294  2831.12665882
0.05296  2830.98522353
0.05298  2830.84378824
0.053  2830.70235294
0.05302  2830.56091765
0.05304  2830.41948235
0.05306  2830.27804706
0.05308  2830.13661176
0.0531  2829.99517647
0.05312  2829.85374118
0.05314  2829.71230588
0.05316  2829.57087059
0.05318  2829.42943529
0.0532  2829.288
0.05322  2829.14656471
0.05324  2829.00512941
0.05326  2828.86369412
0.05328  2828.72225882
0.0533  2828.58082353
0.05332  2828.43938824
0.05334  2828.29795294
0.05336  2828.15651765
0.05338  2828.01508235
0.0534  2827.87364706
0.05342  2827.73221176
0.05344  2827.59077647
0.05346  2827.44934118
0.05348  2827.30790588
0.0535  2827.16647059
0.05352  2827.02503529
0.05354  2826.8836
0.05356  2826.74216471
0.05358  2826.60072941
0.0536  2826.45929412
0.05362  2826.31785882
0.05364  2826.17642353
0.05366  2826.03498824
0.05368  2825.89355294
0.0537  2825.75211765
0.05372  2825.61068235
0.05374  2825.46924706
0.05376  2825.32781176
0.05378  2825.18637647
0.0538  2825.04494118
0.05382  2824.90350588
0.05384  2824.76207059
0.05386  2824.62063529
0.05388  2824.4792
0.0539  2824.33776471
0.05392  2824.19632941
0.05394  2824.05489412
0.05396  2823.91345882
0.05398  2823.77202353
0.054  2823.63058824
0.05402  2823.48915294
0.05404  2823.34771765
0.05406  2823.20628235
0.05408  2823.06484706
0.0541  2822.92341176
0.05412  2822.78197647
0.05414  2822.64054118
0.05416  2822.49910588
0.05418  2822.35767059
0.0542  2822.21623529
0.05422  2822.0748
0.05424  2821.93336471
0.05426  2821.79192941
0.05428  2821.65049412
0.0543  2821.50905882
0.05432  2821.36762353
0.05434  2821.22618824
0.05436  2821.08475294
0.05438  2820.94331765
0.0544  2820.80188235
0.05442  2820.66044706
0.05444  2820.51901176
0.05446  2820.37757647
0.05448  2820.23614118
0.0545  2820.09470588
0.05452  2819.95327059
0.05454  2819.81183529
0.05456  2819.6704
0.05458  2819.52896471
0.0546  2819.38752941
0.05462  2819.24609412
0.05464  2819.10465882
0.05466  2818.96322353
0.05468  2818.82178824
0.0547  2818.68035294
0.05472  2818.53891765
0.05474  2818.39748235
0.05476  2818.25604706
0.05478  2818.11461176
0.0548  2817.97317647
0.05482  2817.83174118
0.05484  2817.69030588
0.05486  2817.54887059
0.05488  2817.40743529
0.0549  2817.266
0.05492  2817.12456471
0.05494  2816.98312941
0.05496  2816.84169412
0.05498  2816.70025882
0.055  2816.55882353
0.05502  2816.41738824
0.05504  2816.27595294
0.05506  2816.13451765
0.05508  2815.99308235
0.0551  2815.85164706
0.05512  2815.71021176
0.05514  2815.56877647
0.05516  2815.42734118
0.05518  2815.28590588
0.0552  2815.14447059
0.05522  2815.00303529
0.05524  2814.8616
0.05526  2814.72016471
0.05528  2814.57872941
0.0553  2814.43729412
0.05532  2814.29585882
0.05534  2814.15442353
0.05536  2814.01298824
0.05538  2813.87155294
0.0554  2813.73011765
0.05542  2813.58868235
0.05544  2813.44724706
0.05546  2813.30581176
0.05548  2813.16437647
0.0555  2813.02294118
0.05552  2812.88150588
0.05554  2812.74007059
0.05556  2812.59863529
0.05558  2812.4572
0.0556  2812.31576471
0.05562  2812.17432941
0.05564  2812.03289412
0.05566  2811.89145882
0.05568  2811.75002353
0.0557  2811.60858824
0.05572  2811.46715294
0.05574  2811.32571765
0.05576  2811.18428235
0.05578  2811.04284706
0.0558  2810.90141176
0.05582  2810.75997647
0.05584  2810.61854118
0.05586  2810.47710588
0.05588  2810.33567059
0.0559  2810.19423529
0.05592  2810.0528
0.05594  2809.91136471
0.05596  2809.76992941
0.05598  2809.62849412
0.056  2809.48705882
0.05602  2809.34562353
0.05604  2809.20418824
0.05606  2809.06275294
0.05608  2808.92131765
0.0561  2808.77988235
0.05612  2808.63844706
0.05614  2808.49701176
0.05616  2808.35557647
0.05618  2808.21414118
0.0562  2808.07270588
0.05622  2807.93127059
0.05624  2807.78983529
0.05626  2807.6484
0.05628  2807.50696471
0.0563  2807.36552941
0.05632  2807.22409412
0.05634  2807.08265882
0.05636  2806.94122353
0.05638  2806.79978824
0.0564  2806.65835294
0.05642  2806.51691765
0.05644  2806.37548235
0.05646  2806.23404706
0.05648  2806.09261176
0.0565  2805.95117647
0.05652  2805.80974118
0.05654  2805.66830588
0.05656  2805.52687059
0.05658  2805.38543529
0.0566  2805.244
0.05662  2805.10256471
0.05664  2804.96112941
0.05666  2804.81969412
0.05668  2804.67825882
0.0567  2804.53682353
0.05672  2804.39538824
0.05674  2804.25395294
0.05676  2804.11251765
0.05678  2803.97108235
0.0568  2803.82964706
0.05682  2803.68821176
0.05684  2803.54677647
0.05686  2803.40534118
0.05688  2803.26390588
0.0569  2803.12247059
0.05692  2802.98103529
0.05694  2802.8396
0.05696  2802.69816471
0.05698  2802.55672941
0.057  2802.41529412
0.05702  2802.27385882
0.05704  2802.13242353
0.05706  2801.99098824
0.05708  2801.84955294
0.0571  2801.70811765
0.05712  2801.56668235
0.05714  2801.42524706
0.05716  2801.28381176
0.05718  2801.14237647
0.0572  2801.00094118
0.05722  2800.85950588
0.05724  2800.71807059
0.05726  2800.57663529
0.05728  2800.4352
0.0573  2800.29376471
0.05732  2800.15232941
0.05734  2800.01089412
0.05736  2799.86945882
0.05738  2799.72802353
0.0574  2799.58658824
0.05742  2799.44515294
0.05744  2799.30371765
0.05746  2799.16228235
0.05748  2799.02084706
0.0575  2798.87941176
0.05752  2798.73797647
0.05754  2798.59654118
0.05756  2798.45510588
0.05758  2798.31367059
0.0576  2798.17223529
0.05762  2798.0308
0.05764  2797.88936471
0.05766  2797.74792941
0.05768  2797.60649412
0.0577  2797.46505882
0.05772  2797.32362353
0.05774  2797.18218824
0.05776  2797.04075294
0.05778  2796.89931765
0.0578  2796.75788235
0.05782  2796.61644706
0.05784  2796.47501176
0.05786  2796.33357647
0.05788  2796.19214118
0.0579  2796.05070588
0.05792  2795.90927059
0.05794  2795.76783529
0.05796  2795.6264
0.05798  2795.48496471
0.058  2795.34352941
0.05802  2795.20209412
0.05804  2795.06065882
0.05806  2794.91922353
0.05808  2794.77778824
0.0581  2794.63635294
0.05812  2794.49491765
0.05814  2794.35348235
0.05816  2794.21204706
0.05818  2794.07061176
0.0582  2793.92917647
0.05822  2793.78774118
0.05824  2793.64630588
0.05826  2793.50487059
0.05828  2793.36343529
0.0583  2793.222
0.05832  2793.08056471
0.05834  2792.93912941
0.05836  2792.79769412
0.05838  2792.65625882
0.0584  2792.51482353
0.05842  2792.37338824
0.05844  2792.23195294
0.05846  2792.09051765
0.05848  2791.94908235
0.0585  2791.80764706
0.05852  2791.66621176
0.05854  2791.52477647
0.05856  2791.38334118
0.05858  2791.24190588
0.0586  2791.10047059
0.05862  2790.95903529
0.05864  2790.8176
0.05866  2790.67616471
0.05868  2790.53472941
0.0587  2790.39329412
0.05872  2790.25185882
0.05874  2790.11042353
0.05876  2789.96898824
0.05878  2789.82755294
0.0588  2789.68611765
0.05882  2789.54468235
0.05884  2789.40324706
0.05886  2789.26181176
0.05888  2789.12037647
0.0589  2788.97894118
0.05892  2788.83750588
0.05894  2788.69607059
0.05896  2788.55463529
0.05898  2788.4132
0.059  2788.27176471
0.05902  2788.13032941
0.05904  2787.98889412
0.05906  2787.84745882
0.05908  2787.70602353
0.0591  2787.56458824
0.05912  2787.42315294
0.05914  2787.28171765
0.05916  2787.14028235
0.05918  2786.99884706
0.0592  2786.85741176
0.05922  2786.71597647
0.05924  2786.57454118
0.05926  2786.43310588
0.05928  2786.29167059
0.0593  2786.15023529
0.05932  2786.0088
0.05934  2785.86736471
0.05936  2785.72592941
0.05938  2785.58449412
0.0594  2785.44305882
0.05942  2785.30162353
0.05944  2785.16018824
0.05946  2785.01875294
0.05948  2784.87731765
0.0595  2784.73588235
0.05952  2784.59444706
0.05954  2784.45301176
0.05956  2784.31157647
0.05958  2784.17014118
0.0596  2784.02870588
0.05962  2783.88727059
0.05964  2783.74583529
0.05966  2783.6044
0.05968  2783.46296471
0.0597  2783.32152941
0.05972  2783.18009412
0.05974  2783.03865882
0.05976  2782.89722353
0.05978  2782.75578824
0.0598  2782.61435294
0.05982  2782.47291765
0.05984  2782.33148235
0.05986  2782.19004706
0.05988  2782.04861176
0.0599  2781.90717647
0.05992  2781.76574118
0.05994  2781.62430588
0.05996  2781.48287059
0.05998  2781.34143529
0.06  2781.2
0.06002  2699.54
0.06004  2609.94
0.06006  2512.88
0.06008  2408.72
0.0601  2297.1
0.06012  2179.6
0.06014  2056.88
0.06016  1930.17
0.06018  1800.45
0.0602  1669.88
0.06022  1539.67
0.06024  1411.32
0.06026  1285.97
0.06028  1165.82
0.0603  1051.04
0.06032  942.518
0.06034  841.686
0.06036  747.898
0.06038  662.068
0.0604  583.918
0.06042  513.264
0.06044  449.794
0.06046  393.238
0.06048  342.848
0.0605  298.272
0.06052  258.91
0.06054  224.61
0.06056  194.431
0.06058  168.029
0.0606  145.104
0.06062  125.139
0.06064  107.871
0.06066  97.7994
0.06068  90.069
0.0607  84.335
0.06072  80.722
0.06074  79.41
0.06076  78.119
0.06078  78.9576
0.0608  81.1536
0.06082  84.8178
0.06084  91.1014
0.06086  97.7994
0.06088  109.101
0.0609  122.255
0.06092  138.425
0.06094  159.218
0.06096  183.907
0.06098  214.434
0.061  253.548
0.06102  294.682
0.06104  345.018
0.06106  406.874
0.06108  473.452
0.0611  546.418
0.06112  625.62
0.06114  713.21
0.06116  809.49
0.06118  907.054
0.0612  1019.01
0.06122  1122.29
0.06124  1234.91
0.06126  1329.3
0.06128  1444.29
0.0613  1543.28
0.06132  1648
0.06134  1738.86
0.06136  1839.06
0.06138  1919.73
0.0614  1998.45
0.06142  2077.12
0.06144  2144.28
0.06146  2214.78
0.06148  2270.78
0.0615  2320.8
0.06152  2370.2
0.06154  2413.92
0.06156  2452.78
0.06158  2483.14
0.0616  2524.34
0.06162  2549.72
0.06164  2581.42
0.06166  2608.98
0.06168  2629.18
0.0617  2655.82
0.06172  2668.9
0.06174  2687.96
0.06176  2703.66
0.06178  2722.26
0.0618  2740.3
0.06182  2755.1
0.06184  2766.64
0.06186  2772.66
0.06188  2783.96
0.0619  2795.3
0.06192  2803.78
0.06194  2811.98
0.06196  2820.1
0.06198  2828.14
0.062  2836.06
0.06202  2836.06
0.06204  2841.18
0.06206  2843.92
0.06208  2857.04
0.0621  2857.04
0.06212  2862
0.06214  2864.66
0.06216  2869.56
0.06218  2867.28
0.0622  2872.18
0.06222  2877.2
0.06224  2882.2
0.06226  2879.62
0.06228  2882.2
0.0623  2882.2
0.06232  2889.52
0.06234  2886.96
0.06236  2886.96
0.06238  2886.96
0.0624  2891.88
0.06242  2891.88
0.06244  2896.76
0.06246  2896.76
0.06248  2894.4
0.0625  2899.26
0.06252  2899.26
0.06254  2894.4
0.06256  2896.76
0.06258  2896.76
0.0626  2896.76
0.06262  2899.26
0.06264  2899.26
0.06266  2899.26
0.06268  2901.42
0.0627  2896.76
0.06272  2899.26
0.06274  2896.76
0.06276  2899.26
0.06278  2899.26
0.0628  2901.42
0.06282  2899.26
0.06284  2903.9
0.06286  2903.9
0.06288  2896.76
0.0629  2903.9
0.06292  2899.26
0.06294  2901.42
0.06296  2899.26
0.06298  2896.76
0.063  2901.42
