0.00000  4171.8
0.00002  4049.31
0.00004  3914.91
0.00006  3769.32
0.00008  3613.08
0.00010  3445.65
0.00012  3269.4
0.00014  3085.32
0.00016  2895.25
0.00018  2700.68
0.00020  2504.82
0.00022  2309.5
0.00024  2116.99
0.00026  1928.95
0.00028  1748.74
0.00030  1576.56
0.00032  1413.78
0.00034  1262.53
0.00036  1121.85
0.00038  993.102
0.00040  875.877
0.00042  769.896
0.00044  674.691
0.00046  589.857
0.00048  514.272
0.00050  447.408
0.00052  388.365
0.00054  336.915
0.00056  291.647
0.00058  252.044
0.00060  217.657
0.00062  187.709
0.00064  161.806
0.00066  146.699
0.00068  135.103
0.00070  126.502
0.00072  121.083
0.00074  119.115
0.00076  117.178
0.00078  118.436
0.00080  121.73
0.00082  127.227
0.00084  136.652
0.00086  146.699
0.00088  163.651
0.00090  183.383
0.00092  207.638
0.00094  238.827
0.00096  275.861
0.00098  321.651
0.00100  380.322
0.00102  442.023
0.00104  517.527
0.00106  610.311
0.00108  710.178
0.00110  819.627
0.00112  938.43
0.00114  1069.82
0.00116  1214.24
0.00118  1360.58
0.00120  1528.52
0.00122  1683.43
0.00124  1852.36
0.00126  1993.95
0.00128  2166.43
0.00130  2314.92
0.00132  2472
0.00134  2608.29
0.00136  2758.6
0.00138  2879.6
0.00140  2997.68
0.00142  3115.68
0.00144  3216.42
0.00146  3322.17
0.00148  3406.17
0.00150  3481.2
0.00152  3555.3
0.00154  3620.88
0.00156  3679.17
0.00158  3724.71
0.00160  3786.51
0.00162  3824.58
0.00164  3872.13
0.00166  3913.47
0.00168  3943.77
0.00170  3983.73
0.00172  4003.35
0.00174  4031.94
0.00176  4055.49
0.00178  4083.39
0.00180  4110.45
0.00182  4132.65
0.00184  4149.96
0.00186  4158.99
0.00188  4175.94
0.00190  4192.95
0.00192  4205.67
0.00194  4217.97
0.00196  4230.15
0.00198  4242.21
0.00200  4254.09
0.00202  4254.09
0.00204  4261.77
0.00206  4265.88
0.00208  4285.56
0.00210  4285.56
0.00212  4293
0.00214  4296.99
0.00216  4304.34
0.00218  4300.92
0.00220  4308.27
0.00222  4315.8
0.00224  4323.3
0.00226  4319.43
0.00228  4323.3
0.00230  4323.3
0.00232  4334.28
0.00234  4330.44
0.00236  4330.44
0.00238  4330.44
0.00240  4337.82
0.00242  4337.82
0.00244  4345.14
0.00246  4345.14
0.00248  4341.6
0.00250  4348.89
0.00252  4348.89
0.00254  4341.6
0.00256  4345.14
0.00258  4345.14
0.00260  4345.14
0.00262  4348.89
0.00264  4348.89
0.00266  4348.89
0.00268  4352.13
0.00270  4345.14
0.00272  4348.89
0.00274  4345.14
0.00276  4348.89
0.00278  4348.89
0.00280  4352.13
0.00282  4348.89
0.00284  4355.85
0.00286  4355.85
0.00288  4345.14
0.00290  4355.85
0.00292  4348.89
0.00294  4352.13
0.00296  4348.89
0.00298  4345.14
0.00300  4352.13
0.00302  4351.91784706
0.00304  4351.70569412
0.00306  4351.49354118
0.00308  4351.28138824
0.0031  4351.06923529
0.00312  4350.85708235
0.00314  4350.64492941
0.00316  4350.43277647
0.00318  4350.22062353
0.0032  4350.00847059
0.00322  4349.79631765
0.00324  4349.58416471
0.00326  4349.37201176
0.00328  4349.15985882
0.0033  4348.94770588
0.00332  4348.73555294
0.00334  4348.5234
0.00336  4348.31124706
0.00338  4348.09909412
0.0034  4347.88694118
0.00342  4347.67478824
0.00344  4347.46263529
0.00346  4347.25048235
0.00348  4347.03832941
0.0035  4346.82617647
0.00352  4346.61402353
0.00354  4346.40187059
0.00356  4346.18971765
0.00358  4345.97756471
0.0036  4345.76541176
0.00362  4345.55325882
0.00364  4345.34110588
0.00366  4345.12895294
0.00368  4344.9168
0.0037  4344.70464706
0.00372  4344.49249412
0.00374  4344.28034118
0.00376  4344.06818824
0.00378  4343.85603529
0.0038  4343.64388235
0.00382  4343.43172941
0.00384  4343.21957647
0.00386  4343.00742353
0.00388  4342.79527059
0.0039  4342.58311765
0.00392  4342.37096471
0.00394  4342.15881176
0.00396  4341.94665882
0.00398  4341.73450588
0.004  4341.52235294
0.00402  4341.3102
0.00404  4341.09804706
0.00406  4340.88589412
0.00408  4340.67374118
0.0041  4340.46158824
0.00412  4340.24943529
0.00414  4340.03728235
0.00416  4339.82512941
0.00418  4339.61297647
0.0042  4339.40082353
0.00422  4339.18867059
0.00424  4338.97651765
0.00426  4338.76436471
0.00428  4338.55221176
0.0043  4338.34005882
0.00432  4338.12790588
0.00434  4337.91575294
0.00436  4337.7036
0.00438  4337.49144706
0.0044  4337.27929412
0.00442  4337.06714118
0.00444  4336.85498824
0.00446  4336.64283529
0.00448  4336.43068235
0.0045  4336.21852941
0.00452  4336.00637647
0.00454  4335.79422353
0.00456  4335.58207059
0.00458  4335.36991765
0.0046  4335.15776471
0.00462  4334.94561176
0.00464  4334.73345882
0.00466  4334.52130588
0.00468  4334.30915294
0.0047  4334.097
0.00472  4333.88484706
0.00474  4333.67269412
0.00476  4333.46054118
0.00478  4333.24838824
0.0048  4333.03623529
0.00482  4332.82408235
0.00484  4332.61192941
0.00486  4332.39977647
0.00488  4332.18762353
0.0049  4331.97547059
0.00492  4331.76331765
0.00494  4331.55116471
0.00496  4331.33901176
0.00498  4331.12685882
0.005  4330.91470588
0.00502  4330.70255294
0.00504  4330.4904
0.00506  4330.27824706
0.00508  4330.06609412
0.0051  4329.85394118
0.00512  4329.64178824
0.00514  4329.42963529
0.00516  4329.21748235
0.00518  4329.00532941
0.0052  4328.79317647
0.00522  4328.58102353
0.00524  4328.36887059
0.00526  4328.15671765
0.00528  4327.94456471
0.0053  4327.73241176
0.00532  4327.52025882
0.00534  4327.30810588
0.00536  4327.09595294
0.00538  4326.8838
0.0054  4326.67164706
0.00542  4326.45949412
0.00544  4326.24734118
0.00546  4326.03518824
0.00548  4325.82303529
0.0055  4325.61088235
0.00552  4325.39872941
0.00554  4325.18657647
0.00556  4324.97442353
0.00558  4324.76227059
0.0056  4324.55011765
0.00562  4324.33796471
0.00564  4324.12581176
0.00566  4323.91365882
0.00568  4323.70150588
0.0057  4323.48935294
0.00572  4323.2772
0.00574  4323.06504706
0.00576  4322.85289412
0.00578  4322.64074118
0.0058  4322.42858824
0.00582  4322.21643529
0.00584  4322.00428235
0.00586  4321.79212941
0.00588  4321.57997647
0.0059  4321.36782353
0.00592  4321.15567059
0.00594  4320.94351765
0.00596  4320.73136471
0.00598  4320.51921176
0.006  4320.30705882
0.00602  4320.09490588
0.00604  4319.88275294
0.00606  4319.6706
0.00608  4319.45844706
0.0061  4319.24629412
0.00612  4319.03414118
0.00614  4318.82198824
0.00616  4318.60983529
0.00618  4318.39768235
0.0062  4318.18552941
0.00622  4317.97337647
0.00624  4317.76122353
0.00626  4317.54907059
0.00628  4317.33691765
0.0063  4317.12476471
0.00632  4316.91261176
0.00634  4316.70045882
0.00636  4316.48830588
0.00638  4316.27615294
0.0064  4316.064
0.00642  4315.85184706
0.00644  4315.63969412
0.00646  4315.42754118
0.00648  4315.21538824
0.0065  4315.00323529
0.00652  4314.79108235
0.00654  4314.57892941
0.00656  4314.36677647
0.00658  4314.15462353
0.0066  4313.94247059
0.00662  4313.73031765
0.00664  4313.51816471
0.00666  4313.30601176
0.00668  4313.09385882
0.0067  4312.88170588
0.00672  4312.66955294
0.00674  4312.4574
0.00676  4312.24524706
0.00678  4312.03309412
0.0068  4311.82094118
0.00682  4311.60878824
0.00684  4311.39663529
0.00686  4311.18448235
0.00688  4310.97232941
0.0069  4310.76017647
0.00692  4310.54802353
0.00694  4310.33587059
0.00696  4310.12371765
0.00698  4309.91156471
0.007  4309.69941176
0.00702  4309.48725882
0.00704  4309.27510588
0.00706  4309.06295294
0.00708  4308.8508
0.0071  4308.63864706
0.00712  4308.42649412
0.00714  4308.21434118
0.00716  4308.00218824
0.00718  4307.79003529
0.0072  4307.57788235
0.00722  4307.36572941
0.00724  4307.15357647
0.00726  4306.94142353
0.00728  4306.72927059
0.0073  4306.51711765
0.00732  4306.30496471
0.00734  4306.09281176
0.00736  4305.88065882
0.00738  4305.66850588
0.0074  4305.45635294
0.00742  4305.2442
0.00744  4305.03204706
0.00746  4304.81989412
0.00748  4304.60774118
0.0075  4304.39558824
0.00752  4304.18343529
0.00754  4303.97128235
0.00756  4303.75912941
0.00758  4303.54697647
0.0076  4303.33482353
0.00762  4303.12267059
0.00764  4302.91051765
0.00766  4302.69836471
0.00768  4302.48621176
0.0077  4302.27405882
0.00772  4302.06190588
0.00774  4301.84975294
0.00776  4301.6376
0.00778  4301.42544706
0.0078  4301.21329412
0.00782  4301.00114118
0.00784  4300.78898824
0.00786  4300.57683529
0.00788  4300.36468235
0.0079  4300.15252941
0.00792  4299.94037647
0.00794  4299.72822353
0.00796  4299.51607059
0.00798  4299.30391765
0.008  4299.09176471
0.00802  4298.87961176
0.00804  4298.66745882
0.00806  4298.45530588
0.00808  4298.24315294
0.0081  4298.031
0.00812  4297.81884706
0.00814  4297.60669412
0.00816  4297.39454118
0.00818  4297.18238824
0.0082  4296.97023529
0.00822  4296.75808235
0.00824  4296.54592941
0.00826  4296.33377647
0.00828  4296.12162353
0.0083  4295.90947059
0.00832  4295.69731765
0.00834  4295.48516471
0.00836  4295.27301176
0.00838  4295.06085882
0.0084  4294.84870588
0.00842  4294.63655294
0.00844  4294.4244
0.00846  4294.21224706
0.00848  4294.00009412
0.0085  4293.78794118
0.00852  4293.57578824
0.00854  4293.36363529
0.00856  4293.15148235
0.00858  4292.93932941
0.0086  4292.72717647
0.00862  4292.51502353
0.00864  4292.30287059
0.00866  4292.09071765
0.00868  4291.87856471
0.0087  4291.66641176
0.00872  4291.45425882
0.00874  4291.24210588
0.00876  4291.02995294
0.00878  4290.8178
0.0088  4290.60564706
0.00882  4290.39349412
0.00884  4290.18134118
0.00886  4289.96918824
0.00888  4289.75703529
0.0089  4289.54488235
0.00892  4289.33272941
0.00894  4289.12057647
0.00896  4288.90842353
0.00898  4288.69627059
0.009  4288.48411765
0.00902  4288.27196471
0.00904  4288.05981176
0.00906  4287.84765882
0.00908  4287.63550588
0.0091  4287.42335294
0.00912  4287.2112
0.00914  4286.99904706
0.00916  4286.78689412
0.00918  4286.57474118
0.0092  4286.36258824
0.00922  4286.15043529
0.00924  4285.93828235
0.00926  4285.72612941
0.00928  4285.51397647
0.0093  4285.30182353
0.00932  4285.08967059
0.00934  4284.87751765
0.00936  4284.66536471
0.00938  4284.45321176
0.0094  4284.24105882
0.00942  4284.02890588
0.00944  4283.81675294
0.00946  4283.6046
0.00948  4283.39244706
0.0095  4283.18029412
0.00952  4282.96814118
0.00954  4282.75598824
0.00956  4282.54383529
0.00958  4282.33168235
0.0096  4282.11952941
0.00962  4281.90737647
0.00964  4281.69522353
0.00966  4281.48307059
0.00968  4281.27091765
0.0097  4281.05876471
0.00972  4280.84661176
0.00974  4280.63445882
0.00976  4280.42230588
0.00978  4280.21015294
0.0098  4279.998
0.00982  4279.78584706
0.00984  4279.57369412
0.00986  4279.36154118
0.00988  4279.14938824
0.0099  4278.93723529
0.00992  4278.72508235
0.00994  4278.51292941
0.00996  4278.30077647
0.00998  4278.08862353
0.01  4277.87647059
0.01002  4277.66431765
0.01004  4277.45216471
0.01006  4277.24001176
0.01008  4277.02785882
0.0101  4276.81570588
0.01012  4276.60355294
0.01014  4276.3914
0.01016  4276.17924706
0.01018  4275.96709412
0.0102  4275.75494118
0.01022  4275.54278824
0.01024  4275.33063529
0.01026  4275.11848235
0.01028  4274.90632941
0.0103  4274.69417647
0.01032  4274.48202353
0.01034  4274.26987059
0.01036  4274.05771765
0.01038  4273.84556471
0.0104  4273.63341176
0.01042  4273.42125882
0.01044  4273.20910588
0.01046  4272.99695294
0.01048  4272.7848
0.0105  4272.57264706
0.01052  4272.36049412
0.01054  4272.14834118
0.01056  4271.93618824
0.01058  4271.72403529
0.0106  4271.51188235
0.01062  4271.29972941
0.01064  4271.08757647
0.01066  4270.87542353
0.01068  4270.66327059
0.0107  4270.45111765
0.01072  4270.23896471
0.01074  4270.02681176
0.01076  4269.81465882
0.01078  4269.60250588
0.0108  4269.39035294
0.01082  4269.1782
0.01084  4268.96604706
0.01086  4268.75389412
0.01088  4268.54174118
0.0109  4268.32958824
0.01092  4268.11743529
0.01094  4267.90528235
0.01096  4267.69312941
0.01098  4267.48097647
0.011  4267.26882353
0.01102  4267.05667059
0.01104  4266.84451765
0.01106  4266.63236471
0.01108  4266.42021176
0.0111  4266.20805882
0.01112  4265.99590588
0.01114  4265.78375294
0.01116  4265.5716
0.01118  4265.35944706
0.0112  4265.14729412
0.01122  4264.93514118
0.01124  4264.72298824
0.01126  4264.51083529
0.01128  4264.29868235
0.0113  4264.08652941
0.01132  4263.87437647
0.01134  4263.66222353
0.01136  4263.45007059
0.01138  4263.23791765
0.0114  4263.02576471
0.01142  4262.81361176
0.01144  4262.60145882
0.01146  4262.38930588
0.01148  4262.17715294
0.0115  4261.965
0.01152  4261.75284706
0.01154  4261.54069412
0.01156  4261.32854118
0.01158  4261.11638824
0.0116  4260.90423529
0.01162  4260.69208235
0.01164  4260.47992941
0.01166  4260.26777647
0.01168  4260.05562353
0.0117  4259.84347059
0.01172  4259.63131765
0.01174  4259.41916471
0.01176  4259.20701176
0.01178  4258.99485882
0.0118  4258.78270588
0.01182  4258.57055294
0.01184  4258.3584
0.01186  4258.14624706
0.01188  4257.93409412
0.0119  4257.72194118
0.01192  4257.50978824
0.01194  4257.29763529
0.01196  4257.08548235
0.01198  4256.87332941
0.012  4256.66117647
0.01202  4256.44902353
0.01204  4256.23687059
0.01206  4256.02471765
0.01208  4255.81256471
0.0121  4255.60041176
0.01212  4255.38825882
0.01214  4255.17610588
0.01216  4254.96395294
0.01218  4254.7518
0.0122  4254.53964706
0.01222  4254.32749412
0.01224  4254.11534118
0.01226  4253.90318824
0.01228  4253.69103529
0.0123  4253.47888235
0.01232  4253.26672941
0.01234  4253.05457647
0.01236  4252.84242353
0.01238  4252.63027059
0.0124  4252.41811765
0.01242  4252.20596471
0.01244  4251.99381176
0.01246  4251.78165882
0.01248  4251.56950588
0.0125  4251.35735294
0.01252  4251.1452
0.01254  4250.93304706
0.01256  4250.72089412
0.01258  4250.50874118
0.0126  4250.29658824
0.01262  4250.08443529
0.01264  4249.87228235
0.01266  4249.66012941
0.01268  4249.44797647
0.0127  4249.23582353
0.01272  4249.02367059
0.01274  4248.81151765
0.01276  4248.59936471
0.01278  4248.38721176
0.0128  4248.17505882
0.01282  4247.96290588
0.01284  4247.75075294
0.01286  4247.5386
0.01288  4247.32644706
0.0129  4247.11429412
0.01292  4246.90214118
0.01294  4246.68998824
0.01296  4246.47783529
0.01298  4246.26568235
0.013  4246.05352941
0.01302  4245.84137647
0.01304  4245.62922353
0.01306  4245.41707059
0.01308  4245.20491765
0.0131  4244.99276471
0.01312  4244.78061176
0.01314  4244.56845882
0.01316  4244.35630588
0.01318  4244.14415294
0.0132  4243.932
0.01322  4243.71984706
0.01324  4243.50769412
0.01326  4243.29554118
0.01328  4243.08338824
0.0133  4242.87123529
0.01332  4242.65908235
0.01334  4242.44692941
0.01336  4242.23477647
0.01338  4242.02262353
0.0134  4241.81047059
0.01342  4241.59831765
0.01344  4241.38616471
0.01346  4241.17401176
0.01348  4240.96185882
0.0135  4240.74970588
0.01352  4240.53755294
0.01354  4240.3254
0.01356  4240.11324706
0.01358  4239.90109412
0.0136  4239.68894118
0.01362  4239.47678824
0.01364  4239.26463529
0.01366  4239.05248235
0.01368  4238.84032941
0.0137  4238.62817647
0.01372  4238.41602353
0.01374  4238.20387059
0.01376  4237.99171765
0.01378  4237.77956471
0.0138  4237.56741176
0.01382  4237.35525882
0.01384  4237.14310588
0.01386  4236.93095294
0.01388  4236.7188
0.0139  4236.50664706
0.01392  4236.29449412
0.01394  4236.08234118
0.01396  4235.87018824
0.01398  4235.65803529
0.014  4235.44588235
0.01402  4235.23372941
0.01404  4235.02157647
0.01406  4234.80942353
0.01408  4234.59727059
0.0141  4234.38511765
0.01412  4234.17296471
0.01414  4233.96081176
0.01416  4233.74865882
0.01418  4233.53650588
0.0142  4233.32435294
0.01422  4233.1122
0.01424  4232.90004706
0.01426  4232.68789412
0.01428  4232.47574118
0.0143  4232.26358824
0.01432  4232.05143529
0.01434  4231.83928235
0.01436  4231.62712941
0.01438  4231.41497647
0.0144  4231.20282353
0.01442  4230.99067059
0.01444  4230.77851765
0.01446  4230.56636471
0.01448  4230.35421176
0.0145  4230.14205882
0.01452  4229.92990588
0.01454  4229.71775294
0.01456  4229.5056
0.01458  4229.29344706
0.0146  4229.08129412
0.01462  4228.86914118
0.01464  4228.65698824
0.01466  4228.44483529
0.01468  4228.23268235
0.0147  4228.02052941
0.01472  4227.80837647
0.01474  4227.59622353
0.01476  4227.38407059
0.01478  4227.17191765
0.0148  4226.95976471
0.01482  4226.74761176
0.01484  4226.53545882
0.01486  4226.32330588
0.01488  4226.11115294
0.0149  4225.899
0.01492  4225.68684706
0.01494  4225.47469412
0.01496  4225.26254118
0.01498  4225.05038824
0.015  4224.83823529
0.01502  4224.62608235
0.01504  4224.41392941
0.01506  4224.20177647
0.01508  4223.98962353
0.0151  4223.77747059
0.01512  4223.56531765
0.01514  4223.35316471
0.01516  4223.14101176
0.01518  4222.92885882
0.0152  4222.71670588
0.01522  4222.50455294
0.01524  4222.2924
0.01526  4222.08024706
0.01528  4221.86809412
0.0153  4221.65594118
0.01532  4221.44378824
0.01534  4221.23163529
0.01536  4221.01948235
0.01538  4220.80732941
0.0154  4220.59517647
0.01542  4220.38302353
0.01544  4220.17087059
0.01546  4219.95871765
0.01548  4219.74656471
0.0155  4219.53441176
0.01552  4219.32225882
0.01554  4219.11010588
0.01556  4218.89795294
0.01558  4218.6858
0.0156  4218.47364706
0.01562  4218.26149412
0.01564  4218.04934118
0.01566  4217.83718824
0.01568  4217.62503529
0.0157  4217.41288235
0.01572  4217.20072941
0.01574  4216.98857647
0.01576  4216.77642353
0.01578  4216.56427059
0.0158  4216.35211765
0.01582  4216.13996471
0.01584  4215.92781176
0.01586  4215.71565882
0.01588  4215.50350588
0.0159  4215.29135294
0.01592  4215.0792
0.01594  4214.86704706
0.01596  4214.65489412
0.01598  4214.44274118
0.016  4214.23058824
0.01602  4214.01843529
0.01604  4213.80628235
0.01606  4213.59412941
0.01608  4213.38197647
0.0161  4213.16982353
0.01612  4212.95767059
0.01614  4212.74551765
0.01616  4212.53336471
0.01618  4212.32121176
0.0162  4212.10905882
0.01622  4211.89690588
0.01624  4211.68475294
0.01626  4211.4726
0.01628  4211.26044706
0.0163  4211.04829412
0.01632  4210.83614118
0.01634  4210.62398824
0.01636  4210.41183529
0.01638  4210.19968235
0.0164  4209.98752941
0.01642  4209.77537647
0.01644  4209.56322353
0.01646  4209.35107059
0.01648  4209.13891765
0.0165  4208.92676471
0.01652  4208.71461176
0.01654  4208.50245882
0.01656  4208.29030588
0.01658  4208.07815294
0.0166  4207.866
0.01662  4207.65384706
0.01664  4207.44169412
0.01666  4207.22954118
0.01668  4207.01738824
0.0167  4206.80523529
0.01672  4206.59308235
0.01674  4206.38092941
0.01676  4206.16877647
0.01678  4205.95662353
0.0168  4205.74447059
0.01682  4205.53231765
0.01684  4205.32016471
0.01686  4205.10801176
0.01688  4204.89585882
0.0169  4204.68370588
0.01692  4204.47155294
0.01694  4204.2594
0.01696  4204.04724706
0.01698  4203.83509412
0.017  4203.62294118
0.01702  4203.41078824
0.01704  4203.19863529
0.01706  4202.98648235
0.01708  4202.77432941
0.0171  4202.56217647
0.01712  4202.35002353
0.01714  4202.13787059
0.01716  4201.92571765
0.01718  4201.71356471
0.0172  4201.50141176
0.01722  4201.28925882
0.01724  4201.07710588
0.01726  4200.86495294
0.01728  4200.6528
0.0173  4200.44064706
0.01732  4200.22849412
0.01734  4200.01634118
0.01736  4199.80418824
0.01738  4199.59203529
0.0174  4199.37988235
0.01742  4199.16772941
0.01744  4198.95557647
0.01746  4198.74342353
0.01748  4198.53127059
0.0175  4198.31911765
0.01752  4198.10696471
0.01754  4197.89481176
0.01756  4197.68265882
0.01758  4197.47050588
0.0176  4197.25835294
0.01762  4197.0462
0.01764  4196.83404706
0.01766  4196.62189412
0.01768  4196.40974118
0.0177  4196.19758824
0.01772  4195.98543529
0.01774  4195.77328235
0.01776  4195.56112941
0.01778  4195.34897647
0.0178  4195.13682353
0.01782  4194.92467059
0.01784  4194.71251765
0.01786  4194.50036471
0.01788  4194.28821176
0.0179  4194.07605882
0.01792  4193.86390588
0.01794  4193.65175294
0.01796  4193.4396
0.01798  4193.22744706
0.018  4193.01529412
0.01802  4192.80314118
0.01804  4192.59098824
0.01806  4192.37883529
0.01808  4192.16668235
0.0181  4191.95452941
0.01812  4191.74237647
0.01814  4191.53022353
0.01816  4191.31807059
0.01818  4191.10591765
0.0182  4190.89376471
0.01822  4190.68161176
0.01824  4190.46945882
0.01826  4190.25730588
0.01828  4190.04515294
0.0183  4189.833
0.01832  4189.62084706
0.01834  4189.40869412
0.01836  4189.19654118
0.01838  4188.98438824
0.0184  4188.77223529
0.01842  4188.56008235
0.01844  4188.34792941
0.01846  4188.13577647
0.01848  4187.92362353
0.0185  4187.71147059
0.01852  4187.49931765
0.01854  4187.28716471
0.01856  4187.07501176
0.01858  4186.86285882
0.0186  4186.65070588
0.01862  4186.43855294
0.01864  4186.2264
0.01866  4186.01424706
0.01868  4185.80209412
0.0187  4185.58994118
0.01872  4185.37778824
0.01874  4185.16563529
0.01876  4184.95348235
0.01878  4184.74132941
0.0188  4184.52917647
0.01882  4184.31702353
0.01884  4184.10487059
0.01886  4183.89271765
0.01888  4183.68056471
0.0189  4183.46841176
0.01892  4183.25625882
0.01894  4183.04410588
0.01896  4182.83195294
0.01898  4182.6198
0.019  4182.40764706
0.01902  4182.19549412
0.01904  4181.98334118
0.01906  4181.77118824
0.01908  4181.55903529
0.0191  4181.34688235
0.01912  4181.13472941
0.01914  4180.92257647
0.01916  4180.71042353
0.01918  4180.49827059
0.0192  4180.28611765
0.01922  4180.07396471
0.01924  4179.86181176
0.01926  4179.64965882
0.01928  4179.43750588
0.0193  4179.22535294
0.01932  4179.0132
0.01934  4178.80104706
0.01936  4178.58889412
0.01938  4178.37674118
0.0194  4178.16458824
0.01942  4177.95243529
0.01944  4177.74028235
0.01946  4177.52812941
0.01948  4177.31597647
0.0195  4177.10382353
0.01952  4176.89167059
0.01954  4176.67951765
0.01956  4176.46736471
0.01958  4176.25521176
0.0196  4176.04305882
0.01962  4175.83090588
0.01964  4175.61875294
0.01966  4175.4066
0.01968  4175.19444706
0.0197  4174.98229412
0.01972  4174.77014118
0.01974  4174.55798824
0.01976  4174.34583529
0.01978  4174.13368235
0.0198  4173.92152941
0.01982  4173.70937647
0.01984  4173.49722353
0.01986  4173.28507059
0.01988  4173.07291765
0.0199  4172.86076471
0.01992  4172.64861176
0.01994  4172.43645882
0.01996  4172.22430588
0.01998  4172.01215294
0.02  4171.8
0.02002  4049.31
0.02004  3914.91
0.02006  3769.32
0.02008  3613.08
0.0201  3445.65
0.02012  3269.4
0.02014  3085.32
0.02016  2895.25
0.02018  2700.68
0.0202  2504.82
0.02022  2309.5
0.02024  2116.99
0.02026  1928.95
0.02028  1748.74
0.0203  1576.56
0.02032  1413.78
0.02034  1262.53
0.02036  1121.85
0.02038  993.102
0.0204  875.877
0.02042  769.896
0.02044  674.691
0.02046  589.857
0.02048  514.272
0.0205  447.408
0.02052  388.365
0.02054  336.915
0.02056  291.647
0.02058  252.044
0.0206  217.657
0.02062  187.709
0.02064  161.806
0.02066  146.699
0.02068  135.103
0.0207  126.502
0.02072  121.083
0.02074  119.115
0.02076  117.178
0.02078  118.436
0.0208  121.73
0.02082  127.227
0.02084  136.652
0.02086  146.699
0.02088  163.651
0.0209  183.383
0.02092  207.638
0.02094  238.827
0.02096  275.861
0.02098  321.651
0.021  380.322
0.02102  442.023
0.02104  517.527
0.02106  610.311
0.02108  710.178
0.0211  819.627
0.02112  938.43
0.02114  1069.82
0.02116  1214.24
0.02118  1360.58
0.0212  1528.52
0.02122  1683.43
0.02124  1852.36
0.02126  1993.95
0.02128  2166.43
0.0213  2314.92
0.02132  2472
0.02134  2608.29
0.02136  2758.6
0.02138  2879.6
0.0214  2997.68
0.02142  3115.68
0.02144  3216.42
0.02146  3322.17
0.02148  3406.17
0.0215  3481.2
0.02152  3555.3
0.02154  3620.88
0.02156  3679.17
0.02158  3724.71
0.0216  3786.51
0.02162  3824.58
0.02164  3872.13
0.02166  3913.47
0.02168  3943.77
0.0217  3983.73
0.02172  4003.35
0.02174  4031.94
0.02176  4055.49
0.02178  4083.39
0.0218  4110.45
0.02182  4132.65
0.02184  4149.96
0.02186  4158.99
0.02188  4175.94
0.0219  4192.95
0.02192  4205.67
0.02194  4217.97
0.02196  4230.15
0.02198  4242.21
0.022  4254.09
0.02202  4254.09
0.02204  4261.77
0.02206  4265.88
0.02208  4285.56
0.0221  4285.56
0.02212  4293
0.02214  4296.99
0.02216  4304.34
0.02218  4300.92
0.0222  4308.27
0.02222  4315.8
0.02224  4323.3
0.02226  4319.43
0.02228  4323.3
0.0223  4323.3
0.02232  4334.28
0.02234  4330.44
0.02236  4330.44
0.02238  4330.44
0.0224  4337.82
0.02242  4337.82
0.02244  4345.14
0.02246  4345.14
0.02248  4341.6
0.0225  4348.89
0.02252  4348.89
0.02254  4341.6
0.02256  4345.14
0.02258  4345.14
0.0226  4345.14
0.02262  4348.89
0.02264  4348.89
0.02266  4348.89
0.02268  4352.13
0.0227  4345.14
0.02272  4348.89
0.02274  4345.14
0.02276  4348.89
0.02278  4348.89
0.0228  4352.13
0.02282  4348.89
0.02284  4355.85
0.02286  4355.85
0.02288  4345.14
0.0229  4355.85
0.02292  4348.89
0.02294  4352.13
0.02296  4348.89
0.02298  4345.14
0.023  4352.13
0.02302  4351.91784706
0.02304  4351.70569412
0.02306  4351.49354118
0.02308  4351.28138824
0.0231  4351.06923529
0.02312  4350.85708235
0.02314  4350.64492941
0.02316  4350.43277647
0.02318  4350.22062353
0.0232  4350.00847059
0.02322  4349.79631765
0.02324  4349.58416471
0.02326  4349.37201176
0.02328  4349.15985882
0.0233  4348.94770588
0.02332  4348.73555294
0.02334  4348.5234
0.02336  4348.31124706
0.02338  4348.09909412
0.0234  4347.88694118
0.02342  4347.67478824
0.02344  4347.46263529
0.02346  4347.25048235
0.02348  4347.03832941
0.0235  4346.82617647
0.02352  4346.61402353
0.02354  4346.40187059
0.02356  4346.18971765
0.02358  4345.97756471
0.0236  4345.76541176
0.02362  4345.55325882
0.02364  4345.34110588
0.02366  4345.12895294
0.02368  4344.9168
0.0237  4344.70464706
0.02372  4344.49249412
0.02374  4344.28034118
0.02376  4344.06818824
0.02378  4343.85603529
0.0238  4343.64388235
0.02382  4343.43172941
0.02384  4343.21957647
0.02386  4343.00742353
0.02388  4342.79527059
0.0239  4342.58311765
0.02392  4342.37096471
0.02394  4342.15881176
0.02396  4341.94665882
0.02398  4341.73450588
0.024  4341.52235294
0.02402  4341.3102
0.02404  4341.09804706
0.02406  4340.88589412
0.02408  4340.67374118
0.0241  4340.46158824
0.02412  4340.24943529
0.02414  4340.03728235
0.02416  4339.82512941
0.02418  4339.61297647
0.0242  4339.40082353
0.02422  4339.18867059
0.02424  4338.97651765
0.02426  4338.76436471
0.02428  4338.55221176
0.0243  4338.34005882
0.02432  4338.12790588
0.02434  4337.91575294
0.02436  4337.7036
0.02438  4337.49144706
0.0244  4337.27929412
0.02442  4337.06714118
0.02444  4336.85498824
0.02446  4336.64283529
0.02448  4336.43068235
0.0245  4336.21852941
0.02452  4336.00637647
0.02454  4335.79422353
0.02456  4335.58207059
0.02458  4335.36991765
0.0246  4335.15776471
0.02462  4334.94561176
0.02464  4334.73345882
0.02466  4334.52130588
0.02468  4334.30915294
0.0247  4334.097
0.02472  4333.88484706
0.02474  4333.67269412
0.02476  4333.46054118
0.02478  4333.24838824
0.0248  4333.03623529
0.02482  4332.82408235
0.02484  4332.61192941
0.02486  4332.39977647
0.02488  4332.18762353
0.0249  4331.97547059
0.02492  4331.76331765
0.02494  4331.55116471
0.02496  4331.33901176
0.02498  4331.12685882
0.025  4330.91470588
0.02502  4330.70255294
0.02504  4330.4904
0.02506  4330.27824706
0.02508  4330.06609412
0.0251  4329.85394118
0.02512  4329.64178824
0.02514  4329.42963529
0.02516  4329.21748235
0.02518  4329.00532941
0.0252  4328.79317647
0.02522  4328.58102353
0.02524  4328.36887059
0.02526  4328.15671765
0.02528  4327.94456471
0.0253  4327.73241176
0.02532  4327.52025882
0.02534  4327.30810588
0.02536  4327.09595294
0.02538  4326.8838
0.0254  4326.67164706
0.02542  4326.45949412
0.02544  4326.24734118
0.02546  4326.03518824
0.02548  4325.82303529
0.0255  4325.61088235
0.02552  4325.39872941
0.02554  4325.18657647
0.02556  4324.97442353
0.02558  4324.76227059
0.0256  4324.55011765
0.02562  4324.33796471
0.02564  4324.12581176
0.02566  4323.91365882
0.02568  4323.70150588
0.0257  4323.48935294
0.02572  4323.2772
0.02574  4323.06504706
0.02576  4322.85289412
0.02578  4322.64074118
0.0258  4322.42858824
0.02582  4322.21643529
0.02584  4322.00428235
0.02586  4321.79212941
0.02588  4321.57997647
0.0259  4321.36782353
0.02592  4321.15567059
0.02594  4320.94351765
0.02596  4320.73136471
0.02598  4320.51921176
0.026  4320.30705882
0.02602  4320.09490588
0.02604  4319.88275294
0.02606  4319.6706
0.02608  4319.45844706
0.0261  4319.24629412
0.02612  4319.03414118
0.02614  4318.82198824
0.02616  4318.60983529
0.02618  4318.39768235
0.0262  4318.18552941
0.02622  4317.97337647
0.02624  4317.76122353
0.02626  4317.54907059
0.02628  4317.33691765
0.0263  4317.12476471
0.02632  4316.91261176
0.02634  4316.70045882
0.02636  4316.48830588
0.02638  4316.27615294
0.0264  4316.064
0.02642  4315.85184706
0.02644  4315.63969412
0.02646  4315.42754118
0.02648  4315.21538824
0.0265  4315.00323529
0.02652  4314.79108235
0.02654  4314.57892941
0.02656  4314.36677647
0.02658  4314.15462353
0.0266  4313.94247059
0.02662  4313.73031765
0.02664  4313.51816471
0.02666  4313.30601176
0.02668  4313.09385882
0.0267  4312.88170588
0.02672  4312.66955294
0.02674  4312.4574
0.02676  4312.24524706
0.02678  4312.03309412
0.0268  4311.82094118
0.02682  4311.60878824
0.02684  4311.39663529
0.02686  4311.18448235
0.02688  4310.97232941
0.0269  4310.76017647
0.02692  4310.54802353
0.02694  4310.33587059
0.02696  4310.12371765
0.02698  4309.91156471
0.027  4309.69941176
0.02702  4309.48725882
0.02704  4309.27510588
0.02706  4309.06295294
0.02708  4308.8508
0.0271  4308.63864706
0.02712  4308.42649412
0.02714  4308.21434118
0.02716  4308.00218824
0.02718  4307.79003529
0.0272  4307.57788235
0.02722  4307.36572941
0.02724  4307.15357647
0.02726  4306.94142353
0.02728  4306.72927059
0.0273  4306.51711765
0.02732  4306.30496471
0.02734  4306.09281176
0.02736  4305.88065882
0.02738  4305.66850588
0.0274  4305.45635294
0.02742  4305.2442
0.02744  4305.03204706
0.02746  4304.81989412
0.02748  4304.60774118
0.0275  4304.39558824
0.02752  4304.18343529
0.02754  4303.97128235
0.02756  4303.75912941
0.02758  4303.54697647
0.0276  4303.33482353
0.02762  4303.12267059
0.02764  4302.91051765
0.02766  4302.69836471
0.02768  4302.48621176
0.0277  4302.27405882
0.02772  4302.06190588
0.02774  4301.84975294
0.02776  4301.6376
0.02778  4301.42544706
0.0278  4301.21329412
0.02782  4301.00114118
0.02784  4300.78898824
0.02786  4300.57683529
0.02788  4300.36468235
0.0279  4300.15252941
0.02792  4299.94037647
0.02794  4299.72822353
0.02796  4299.51607059
0.02798  4299.30391765
0.028  4299.09176471
0.02802  4298.87961176
0.02804  4298.66745882
0.02806  4298.45530588
0.02808  4298.24315294
0.0281  4298.031
0.02812  4297.81884706
0.02814  4297.60669412
0.02816  4297.39454118
0.02818  4297.18238824
0.0282  4296.97023529
0.02822  4296.75808235
0.02824  4296.54592941
0.02826  4296.33377647
0.02828  4296.12162353
0.0283  4295.90947059
0.02832  4295.69731765
0.02834  4295.48516471
0.02836  4295.27301176
0.02838  4295.06085882
0.0284  4294.84870588
0.02842  4294.63655294
0.02844  4294.4244
0.02846  4294.21224706
0.02848  4294.00009412
0.0285  4293.78794118
0.02852  4293.57578824
0.02854  4293.36363529
0.02856  4293.15148235
0.02858  4292.93932941
0.0286  4292.72717647
0.02862  4292.51502353
0.02864  4292.30287059
0.02866  4292.09071765
0.02868  4291.87856471
0.0287  4291.66641176
0.02872  4291.45425882
0.02874  4291.24210588
0.02876  4291.02995294
0.02878  4290.8178
0.0288  4290.60564706
0.02882  4290.39349412
0.02884  4290.18134118
0.02886  4289.96918824
0.02888  4289.75703529
0.0289  4289.54488235
0.02892  4289.33272941
0.02894  4289.12057647
0.02896  4288.90842353
0.02898  4288.69627059
0.029  4288.48411765
0.02902  4288.27196471
0.02904  4288.05981176
0.02906  4287.84765882
0.02908  4287.63550588
0.0291  4287.42335294
0.02912  4287.2112
0.02914  4286.99904706
0.02916  4286.78689412
0.02918  4286.57474118
0.0292  4286.36258824
0.02922  4286.15043529
0.02924  4285.93828235
0.02926  4285.72612941
0.02928  4285.51397647
0.0293  4285.30182353
0.02932  4285.08967059
0.02934  4284.87751765
0.02936  4284.66536471
0.02938  4284.45321176
0.0294  4284.24105882
0.02942  4284.02890588
0.02944  4283.81675294
0.02946  4283.6046
0.02948  4283.39244706
0.0295  4283.18029412
0.02952  4282.96814118
0.02954  4282.75598824
0.02956  4282.54383529
0.02958  4282.33168235
0.0296  4282.11952941
0.02962  4281.90737647
0.02964  4281.69522353
0.02966  4281.48307059
0.02968  4281.27091765
0.0297  4281.05876471
0.02972  4280.84661176
0.02974  4280.63445882
0.02976  4280.42230588
0.02978  4280.21015294
0.0298  4279.998
0.02982  4279.78584706
0.02984  4279.57369412
0.02986  4279.36154118
0.02988  4279.14938824
0.0299  4278.93723529
0.02992  4278.72508235
0.02994  4278.51292941
0.02996  4278.30077647
0.02998  4278.08862353
0.03  4277.87647059
0.03002  4277.66431765
0.03004  4277.45216471
0.03006  4277.24001176
0.03008  4277.02785882
0.0301  4276.81570588
0.03012  4276.60355294
0.03014  4276.3914
0.03016  4276.17924706
0.03018  4275.96709412
0.0302  4275.75494118
0.03022  4275.54278824
0.03024  4275.33063529
0.03026  4275.11848235
0.03028  4274.90632941
0.0303  4274.69417647
0.03032  4274.48202353
0.03034  4274.26987059
0.03036  4274.05771765
0.03038  4273.84556471
0.0304  4273.63341176
0.03042  4273.42125882
0.03044  4273.20910588
0.03046  4272.99695294
0.03048  4272.7848
0.0305  4272.57264706
0.03052  4272.36049412
0.03054  4272.14834118
0.03056  4271.93618824
0.03058  4271.72403529
0.0306  4271.51188235
0.03062  4271.29972941
0.03064  4271.08757647
0.03066  4270.87542353
0.03068  4270.66327059
0.0307  4270.45111765
0.03072  4270.23896471
0.03074  4270.02681176
0.03076  4269.81465882
0.03078  4269.60250588
0.0308  4269.39035294
0.03082  4269.1782
0.03084  4268.96604706
0.03086  4268.75389412
0.03088  4268.54174118
0.0309  4268.32958824
0.03092  4268.11743529
0.03094  4267.90528235
0.03096  4267.69312941
0.03098  4267.48097647
0.031  4267.26882353
0.03102  4267.05667059
0.03104  4266.84451765
0.03106  4266.63236471
0.03108  4266.42021176
0.0311  4266.20805882
0.03112  4265.99590588
0.03114  4265.78375294
0.03116  4265.5716
0.03118  4265.35944706
0.0312  4265.14729412
0.03122  4264.93514118
0.03124  4264.72298824
0.03126  4264.51083529
0.03128  4264.29868235
0.0313  4264.08652941
0.03132  4263.87437647
0.03134  4263.66222353
0.03136  4263.45007059
0.03138  4263.23791765
0.0314  4263.02576471
0.03142  4262.81361176
0.03144  4262.60145882
0.03146  4262.38930588
0.03148  4262.17715294
0.0315  4261.965
0.03152  4261.75284706
0.03154  4261.54069412
0.03156  4261.32854118
0.03158  4261.11638824
0.0316  4260.90423529
0.03162  4260.69208235
0.03164  4260.47992941
0.03166  4260.26777647
0.03168  4260.05562353
0.0317  4259.84347059
0.03172  4259.63131765
0.03174  4259.41916471
0.03176  4259.20701176
0.03178  4258.99485882
0.0318  4258.78270588
0.03182  4258.57055294
0.03184  4258.3584
0.03186  4258.14624706
0.03188  4257.93409412
0.0319  4257.72194118
0.03192  4257.50978824
0.03194  4257.29763529
0.03196  4257.08548235
0.03198  4256.87332941
0.032  4256.66117647
0.03202  4256.44902353
0.03204  4256.23687059
0.03206  4256.02471765
0.03208  4255.81256471
0.0321  4255.60041176
0.03212  4255.38825882
0.03214  4255.17610588
0.03216  4254.96395294
0.03218  4254.7518
0.0322  4254.53964706
0.03222  4254.32749412
0.03224  4254.11534118
0.03226  4253.90318824
0.03228  4253.69103529
0.0323  4253.47888235
0.03232  4253.26672941
0.03234  4253.05457647
0.03236  4252.84242353
0.03238  4252.63027059
0.0324  4252.41811765
0.03242  4252.20596471
0.03244  4251.99381176
0.03246  4251.78165882
0.03248  4251.56950588
0.0325  4251.35735294
0.03252  4251.1452
0.03254  4250.93304706
0.03256  4250.72089412
0.03258  4250.50874118
0.0326  4250.29658824
0.03262  4250.08443529
0.03264  4249.87228235
0.03266  4249.66012941
0.03268  4249.44797647
0.0327  4249.23582353
0.03272  4249.02367059
0.03274  4248.81151765
0.03276  4248.59936471
0.03278  4248.38721176
0.0328  4248.17505882
0.03282  4247.96290588
0.03284  4247.75075294
0.03286  4247.5386
0.03288  4247.32644706
0.0329  4247.11429412
0.03292  4246.90214118
0.03294  4246.68998824
0.03296  4246.47783529
0.03298  4246.26568235
0.033  4246.05352941
0.03302  4245.84137647
0.03304  4245.62922353
0.03306  4245.41707059
0.03308  4245.20491765
0.0331  4244.99276471
0.03312  4244.78061176
0.03314  4244.56845882
0.03316  4244.35630588
0.03318  4244.14415294
0.0332  4243.932
0.03322  4243.71984706
0.03324  4243.50769412
0.03326  4243.29554118
0.03328  4243.08338824
0.0333  4242.87123529
0.03332  4242.65908235
0.03334  4242.44692941
0.03336  4242.23477647
0.03338  4242.02262353
0.0334  4241.81047059
0.03342  4241.59831765
0.03344  4241.38616471
0.03346  4241.17401176
0.03348  4240.96185882
0.0335  4240.74970588
0.03352  4240.53755294
0.03354  4240.3254
0.03356  4240.11324706
0.03358  4239.90109412
0.0336  4239.68894118
0.03362  4239.47678824
0.03364  4239.26463529
0.03366  4239.05248235
0.03368  4238.84032941
0.0337  4238.62817647
0.03372  4238.41602353
0.03374  4238.20387059
0.03376  4237.99171765
0.03378  4237.77956471
0.0338  4237.56741176
0.03382  4237.35525882
0.03384  4237.14310588
0.03386  4236.93095294
0.03388  4236.7188
0.0339  4236.50664706
0.03392  4236.29449412
0.03394  4236.08234118
0.03396  4235.87018824
0.03398  4235.65803529
0.034  4235.44588235
0.03402  4235.23372941
0.03404  4235.02157647
0.03406  4234.80942353
0.03408  4234.59727059
0.0341  4234.38511765
0.03412  4234.17296471
0.03414  4233.96081176
0.03416  4233.74865882
0.03418  4233.53650588
0.0342  4233.32435294
0.03422  4233.1122
0.03424  4232.90004706
0.03426  4232.68789412
0.03428  4232.47574118
0.0343  4232.26358824
0.03432  4232.05143529
0.03434  4231.83928235
0.03436  4231.62712941
0.03438  4231.41497647
0.0344  4231.20282353
0.03442  4230.99067059
0.03444  4230.77851765
0.03446  4230.56636471
0.03448  4230.35421176
0.0345  4230.14205882
0.03452  4229.92990588
0.03454  4229.71775294
0.03456  4229.5056
0.03458  4229.29344706
0.0346  4229.08129412
0.03462  4228.86914118
0.03464  4228.65698824
0.03466  4228.44483529
0.03468  4228.23268235
0.0347  4228.02052941
0.03472  4227.80837647
0.03474  4227.59622353
0.03476  4227.38407059
0.03478  4227.17191765
0.0348  4226.95976471
0.03482  4226.74761176
0.03484  4226.53545882
0.03486  4226.32330588
0.03488  4226.11115294
0.0349  4225.899
0.03492  4225.68684706
0.03494  4225.47469412
0.03496  4225.26254118
0.03498  4225.05038824
0.035  4224.83823529
0.03502  4224.62608235
0.03504  4224.41392941
0.03506  4224.20177647
0.03508  4223.98962353
0.0351  4223.77747059
0.03512  4223.56531765
0.03514  4223.35316471
0.03516  4223.14101176
0.03518  4222.92885882
0.0352  4222.71670588
0.03522  4222.50455294
0.03524  4222.2924
0.03526  4222.08024706
0.03528  4221.86809412
0.0353  4221.65594118
0.03532  4221.44378824
0.03534  4221.23163529
0.03536  4221.01948235
0.03538  4220.80732941
0.0354  4220.59517647
0.03542  4220.38302353
0.03544  4220.17087059
0.03546  4219.95871765
0.03548  4219.74656471
0.0355  4219.53441176
0.03552  4219.32225882
0.03554  4219.11010588
0.03556  4218.89795294
0.03558  4218.6858
0.0356  4218.47364706
0.03562  4218.26149412
0.03564  4218.04934118
0.03566  4217.83718824
0.03568  4217.62503529
0.0357  4217.41288235
0.03572  4217.20072941
0.03574  4216.98857647
0.03576  4216.77642353
0.03578  4216.56427059
0.0358  4216.35211765
0.03582  4216.13996471
0.03584  4215.92781176
0.03586  4215.71565882
0.03588  4215.50350588
0.0359  4215.29135294
0.03592  4215.0792
0.03594  4214.86704706
0.03596  4214.65489412
0.03598  4214.44274118
0.036  4214.23058824
0.03602  4214.01843529
0.03604  4213.80628235
0.03606  4213.59412941
0.03608  4213.38197647
0.0361  4213.16982353
0.03612  4212.95767059
0.03614  4212.74551765
0.03616  4212.53336471
0.03618  4212.32121176
0.0362  4212.10905882
0.03622  4211.89690588
0.03624  4211.68475294
0.03626  4211.4726
0.03628  4211.26044706
0.0363  4211.04829412
0.03632  4210.83614118
0.03634  4210.62398824
0.03636  4210.41183529
0.03638  4210.19968235
0.0364  4209.98752941
0.03642  4209.77537647
0.03644  4209.56322353
0.03646  4209.35107059
0.03648  4209.13891765
0.0365  4208.92676471
0.03652  4208.71461176
0.03654  4208.50245882
0.03656  4208.29030588
0.03658  4208.07815294
0.0366  4207.866
0.03662  4207.65384706
0.03664  4207.44169412
0.03666  4207.22954118
0.03668  4207.01738824
0.0367  4206.80523529
0.03672  4206.59308235
0.03674  4206.38092941
0.03676  4206.16877647
0.03678  4205.95662353
0.0368  4205.74447059
0.03682  4205.53231765
0.03684  4205.32016471
0.03686  4205.10801176
0.03688  4204.89585882
0.0369  4204.68370588
0.03692  4204.47155294
0.03694  4204.2594
0.03696  4204.04724706
0.03698  4203.83509412
0.037  4203.62294118
0.03702  4203.41078824
0.03704  4203.19863529
0.03706  4202.98648235
0.03708  4202.77432941
0.0371  4202.56217647
0.03712  4202.35002353
0.03714  4202.13787059
0.03716  4201.92571765
0.03718  4201.71356471
0.0372  4201.50141176
0.03722  4201.28925882
0.03724  4201.07710588
0.03726  4200.86495294
0.03728  4200.6528
0.0373  4200.44064706
0.03732  4200.22849412
0.03734  4200.01634118
0.03736  4199.80418824
0.03738  4199.59203529
0.0374  4199.37988235
0.03742  4199.16772941
0.03744  4198.95557647
0.03746  4198.74342353
0.03748  4198.53127059
0.0375  4198.31911765
0.03752  4198.10696471
0.03754  4197.89481176
0.03756  4197.68265882
0.03758  4197.47050588
0.0376  4197.25835294
0.03762  4197.0462
0.03764  4196.83404706
0.03766  4196.62189412
0.03768  4196.40974118
0.0377  4196.19758824
0.03772  4195.98543529
0.03774  4195.77328235
0.03776  4195.56112941
0.03778  4195.34897647
0.0378  4195.13682353
0.03782  4194.92467059
0.03784  4194.71251765
0.03786  4194.50036471
0.03788  4194.28821176
0.0379  4194.07605882
0.03792  4193.86390588
0.03794  4193.65175294
0.03796  4193.4396
0.03798  4193.22744706
0.038  4193.01529412
0.03802  4192.80314118
0.03804  4192.59098824
0.03806  4192.37883529
0.03808  4192.16668235
0.0381  4191.95452941
0.03812  4191.74237647
0.03814  4191.53022353
0.03816  4191.31807059
0.03818  4191.10591765
0.0382  4190.89376471
0.03822  4190.68161176
0.03824  4190.46945882
0.03826  4190.25730588
0.03828  4190.04515294
0.0383  4189.833
0.03832  4189.62084706
0.03834  4189.40869412
0.03836  4189.19654118
0.03838  4188.98438824
0.0384  4188.77223529
0.03842  4188.56008235
0.03844  4188.34792941
0.03846  4188.13577647
0.03848  4187.92362353
0.0385  4187.71147059
0.03852  4187.49931765
0.03854  4187.28716471
0.03856  4187.07501176
0.03858  4186.86285882
0.0386  4186.65070588
0.03862  4186.43855294
0.03864  4186.2264
0.03866  4186.01424706
0.03868  4185.80209412
0.0387  4185.58994118
0.03872  4185.37778824
0.03874  4185.16563529
0.03876  4184.95348235
0.03878  4184.74132941
0.0388  4184.52917647
0.03882  4184.31702353
0.03884  4184.10487059
0.03886  4183.89271765
0.03888  4183.68056471
0.0389  4183.46841176
0.03892  4183.25625882
0.03894  4183.04410588
0.03896  4182.83195294
0.03898  4182.6198
0.039  4182.40764706
0.03902  4182.19549412
0.03904  4181.98334118
0.03906  4181.77118824
0.03908  4181.55903529
0.0391  4181.34688235
0.03912  4181.13472941
0.03914  4180.92257647
0.03916  4180.71042353
0.03918  4180.49827059
0.0392  4180.28611765
0.03922  4180.07396471
0.03924  4179.86181176
0.03926  4179.64965882
0.03928  4179.43750588
0.0393  4179.22535294
0.03932  4179.0132
0.03934  4178.80104706
0.03936  4178.58889412
0.03938  4178.37674118
0.0394  4178.16458824
0.03942  4177.95243529
0.03944  4177.74028235
0.03946  4177.52812941
0.03948  4177.31597647
0.0395  4177.10382353
0.03952  4176.89167059
0.03954  4176.67951765
0.03956  4176.46736471
0.03958  4176.25521176
0.0396  4176.04305882
0.03962  4175.83090588
0.03964  4175.61875294
0.03966  4175.4066
0.03968  4175.19444706
0.0397  4174.98229412
0.03972  4174.77014118
0.03974  4174.55798824
0.03976  4174.34583529
0.03978  4174.13368235
0.0398  4173.92152941
0.03982  4173.70937647
0.03984  4173.49722353
0.03986  4173.28507059
0.03988  4173.07291765
0.0399  4172.86076471
0.03992  4172.64861176
0.03994  4172.43645882
0.03996  4172.22430588
0.03998  4172.01215294
0.04  4171.8
0.04002  4049.31
0.04004  3914.91
0.04006  3769.32
0.04008  3613.08
0.0401  3445.65
0.04012  3269.4
0.04014  3085.32
0.04016  2895.25
0.04018  2700.68
0.0402  2504.82
0.04022  2309.5
0.04024  2116.99
0.04026  1928.95
0.04028  1748.74
0.0403  1576.56
0.04032  1413.78
0.04034  1262.53
0.04036  1121.85
0.04038  993.102
0.0404  875.877
0.04042  769.896
0.04044  674.691
0.04046  589.857
0.04048  514.272
0.0405  447.408
0.04052  388.365
0.04054  336.915
0.04056  291.647
0.04058  252.044
0.0406  217.657
0.04062  187.709
0.04064  161.806
0.04066  146.699
0.04068  135.103
0.0407  126.502
0.04072  121.083
0.04074  119.115
0.04076  117.178
0.04078  118.436
0.0408  121.73
0.04082  127.227
0.04084  136.652
0.04086  146.699
0.04088  163.651
0.0409  183.383
0.04092  207.638
0.04094  238.827
0.04096  275.861
0.04098  321.651
0.041  380.322
0.04102  442.023
0.04104  517.527
0.04106  610.311
0.04108  710.178
0.0411  819.627
0.04112  938.43
0.04114  1069.82
0.04116  1214.24
0.04118  1360.58
0.0412  1528.52
0.04122  1683.43
0.04124  1852.36
0.04126  1993.95
0.04128  2166.43
0.0413  2314.92
0.04132  2472
0.04134  2608.29
0.04136  2758.6
0.04138  2879.6
0.0414  2997.68
0.04142  3115.68
0.04144  3216.42
0.04146  3322.17
0.04148  3406.17
0.0415  3481.2
0.04152  3555.3
0.04154  3620.88
0.04156  3679.17
0.04158  3724.71
0.0416  3786.51
0.04162  3824.58
0.04164  3872.13
0.04166  3913.47
0.04168  3943.77
0.0417  3983.73
0.04172  4003.35
0.04174  4031.94
0.04176  4055.49
0.04178  4083.39
0.0418  4110.45
0.04182  4132.65
0.04184  4149.96
0.04186  4158.99
0.04188  4175.94
0.0419  4192.95
0.04192  4205.67
0.04194  4217.97
0.04196  4230.15
0.04198  4242.21
0.042  4254.09
0.04202  4254.09
0.04204  4261.77
0.04206  4265.88
0.04208  4285.56
0.0421  4285.56
0.04212  4293
0.04214  4296.99
0.04216  4304.34
0.04218  4300.92
0.0422  4308.27
0.04222  4315.8
0.04224  4323.3
0.04226  4319.43
0.04228  4323.3
0.0423  4323.3
0.04232  4334.28
0.04234  4330.44
0.04236  4330.44
0.04238  4330.44
0.0424  4337.82
0.04242  4337.82
0.04244  4345.14
0.04246  4345.14
0.04248  4341.6
0.0425  4348.89
0.04252  4348.89
0.04254  4341.6
0.04256  4345.14
0.04258  4345.14
0.0426  4345.14
0.04262  4348.89
0.04264  4348.89
0.04266  4348.89
0.04268  4352.13
0.0427  4345.14
0.04272  4348.89
0.04274  4345.14
0.04276  4348.89
0.04278  4348.89
0.0428  4352.13
0.04282  4348.89
0.04284  4355.85
0.04286  4355.85
0.04288  4345.14
0.0429  4355.85
0.04292  4348.89
0.04294  4352.13
0.04296  4348.89
0.04298  4345.14
0.043  4352.13
0.04302  4351.91784706
0.04304  4351.70569412
0.04306  4351.49354118
0.04308  4351.28138824
0.0431  4351.06923529
0.04312  4350.85708235
0.04314  4350.64492941
0.04316  4350.43277647
0.04318  4350.22062353
0.0432  4350.00847059
0.04322  4349.79631765
0.04324  4349.58416471
0.04326  4349.37201176
0.04328  4349.15985882
0.0433  4348.94770588
0.04332  4348.73555294
0.04334  4348.5234
0.04336  4348.31124706
0.04338  4348.09909412
0.0434  4347.88694118
0.04342  4347.67478824
0.04344  4347.46263529
0.04346  4347.25048235
0.04348  4347.03832941
0.0435  4346.82617647
0.04352  4346.61402353
0.04354  4346.40187059
0.04356  4346.18971765
0.04358  4345.97756471
0.0436  4345.76541176
0.04362  4345.55325882
0.04364  4345.34110588
0.04366  4345.12895294
0.04368  4344.9168
0.0437  4344.70464706
0.04372  4344.49249412
0.04374  4344.28034118
0.04376  4344.06818824
0.04378  4343.85603529
0.0438  4343.64388235
0.04382  4343.43172941
0.04384  4343.21957647
0.04386  4343.00742353
0.04388  4342.79527059
0.0439  4342.58311765
0.04392  4342.37096471
0.04394  4342.15881176
0.04396  4341.94665882
0.04398  4341.73450588
0.044  4341.52235294
0.04402  4341.3102
0.04404  4341.09804706
0.04406  4340.88589412
0.04408  4340.67374118
0.0441  4340.46158824
0.04412  4340.24943529
0.04414  4340.03728235
0.04416  4339.82512941
0.04418  4339.61297647
0.0442  4339.40082353
0.04422  4339.18867059
0.04424  4338.97651765
0.04426  4338.76436471
0.04428  4338.55221176
0.0443  4338.34005882
0.04432  4338.12790588
0.04434  4337.91575294
0.04436  4337.7036
0.04438  4337.49144706
0.0444  4337.27929412
0.04442  4337.06714118
0.04444  4336.85498824
0.04446  4336.64283529
0.04448  4336.43068235
0.0445  4336.21852941
0.04452  4336.00637647
0.04454  4335.79422353
0.04456  4335.58207059
0.04458  4335.36991765
0.0446  4335.15776471
0.04462  4334.94561176
0.04464  4334.73345882
0.04466  4334.52130588
0.04468  4334.30915294
0.0447  4334.097
0.04472  4333.88484706
0.04474  4333.67269412
0.04476  4333.46054118
0.04478  4333.24838824
0.0448  4333.03623529
0.04482  4332.82408235
0.04484  4332.61192941
0.04486  4332.39977647
0.04488  4332.18762353
0.0449  4331.97547059
0.04492  4331.76331765
0.04494  4331.55116471
0.04496  4331.33901176
0.04498  4331.12685882
0.045  4330.91470588
0.04502  4330.70255294
0.04504  4330.4904
0.04506  4330.27824706
0.04508  4330.06609412
0.0451  4329.85394118
0.04512  4329.64178824
0.04514  4329.42963529
0.04516  4329.21748235
0.04518  4329.00532941
0.0452  4328.79317647
0.04522  4328.58102353
0.04524  4328.36887059
0.04526  4328.15671765
0.04528  4327.94456471
0.0453  4327.73241176
0.04532  4327.52025882
0.04534  4327.30810588
0.04536  4327.09595294
0.04538  4326.8838
0.0454  4326.67164706
0.04542  4326.45949412
0.04544  4326.24734118
0.04546  4326.03518824
0.04548  4325.82303529
0.0455  4325.61088235
0.04552  4325.39872941
0.04554  4325.18657647
0.04556  4324.97442353
0.04558  4324.76227059
0.0456  4324.55011765
0.04562  4324.33796471
0.04564  4324.12581176
0.04566  4323.91365882
0.04568  4323.70150588
0.0457  4323.48935294
0.04572  4323.2772
0.04574  4323.06504706
0.04576  4322.85289412
0.04578  4322.64074118
0.0458  4322.42858824
0.04582  4322.21643529
0.04584  4322.00428235
0.04586  4321.79212941
0.04588  4321.57997647
0.0459  4321.36782353
0.04592  4321.15567059
0.04594  4320.94351765
0.04596  4320.73136471
0.04598  4320.51921176
0.046  4320.30705882
0.04602  4320.09490588
0.04604  4319.88275294
0.04606  4319.6706
0.04608  4319.45844706
0.0461  4319.24629412
0.04612  4319.03414118
0.04614  4318.82198824
0.04616  4318.60983529
0.04618  4318.39768235
0.0462  4318.18552941
0.04622  4317.97337647
0.04624  4317.76122353
0.04626  4317.54907059
0.04628  4317.33691765
0.0463  4317.12476471
0.04632  4316.91261176
0.04634  4316.70045882
0.04636  4316.48830588
0.04638  4316.27615294
0.0464  4316.064
0.04642  4315.85184706
0.04644  4315.63969412
0.04646  4315.42754118
0.04648  4315.21538824
0.0465  4315.00323529
0.04652  4314.79108235
0.04654  4314.57892941
0.04656  4314.36677647
0.04658  4314.15462353
0.0466  4313.94247059
0.04662  4313.73031765
0.04664  4313.51816471
0.04666  4313.30601176
0.04668  4313.09385882
0.0467  4312.88170588
0.04672  4312.66955294
0.04674  4312.4574
0.04676  4312.24524706
0.04678  4312.03309412
0.0468  4311.82094118
0.04682  4311.60878824
0.04684  4311.39663529
0.04686  4311.18448235
0.04688  4310.97232941
0.0469  4310.76017647
0.04692  4310.54802353
0.04694  4310.33587059
0.04696  4310.12371765
0.04698  4309.91156471
0.047  4309.69941176
0.04702  4309.48725882
0.04704  4309.27510588
0.04706  4309.06295294
0.04708  4308.8508
0.0471  4308.63864706
0.04712  4308.42649412
0.04714  4308.21434118
0.04716  4308.00218824
0.04718  4307.79003529
0.0472  4307.57788235
0.04722  4307.36572941
0.04724  4307.15357647
0.04726  4306.94142353
0.04728  4306.72927059
0.0473  4306.51711765
0.04732  4306.30496471
0.04734  4306.09281176
0.04736  4305.88065882
0.04738  4305.66850588
0.0474  4305.45635294
0.04742  4305.2442
0.04744  4305.03204706
0.04746  4304.81989412
0.04748  4304.60774118
0.0475  4304.39558824
0.04752  4304.18343529
0.04754  4303.97128235
0.04756  4303.75912941
0.04758  4303.54697647
0.0476  4303.33482353
0.04762  4303.12267059
0.04764  4302.91051765
0.04766  4302.69836471
0.04768  4302.48621176
0.0477  4302.27405882
0.04772  4302.06190588
0.04774  4301.84975294
0.04776  4301.6376
0.04778  4301.42544706
0.0478  4301.21329412
0.04782  4301.00114118
0.04784  4300.78898824
0.04786  4300.57683529
0.04788  4300.36468235
0.0479  4300.15252941
0.04792  4299.94037647
0.04794  4299.72822353
0.04796  4299.51607059
0.04798  4299.30391765
0.048  4299.09176471
0.04802  4298.87961176
0.04804  4298.66745882
0.04806  4298.45530588
0.04808  4298.24315294
0.0481  4298.031
0.04812  4297.81884706
0.04814  4297.60669412
0.04816  4297.39454118
0.04818  4297.18238824
0.0482  4296.97023529
0.04822  4296.75808235
0.04824  4296.54592941
0.04826  4296.33377647
0.04828  4296.12162353
0.0483  4295.90947059
0.04832  4295.69731765
0.04834  4295.48516471
0.04836  4295.27301176
0.04838  4295.06085882
0.0484  4294.84870588
0.04842  4294.63655294
0.04844  4294.4244
0.04846  4294.21224706
0.04848  4294.00009412
0.0485  4293.78794118
0.04852  4293.57578824
0.04854  4293.36363529
0.04856  4293.15148235
0.04858  4292.93932941
0.0486  4292.72717647
0.04862  4292.51502353
0.04864  4292.30287059
0.04866  4292.09071765
0.04868  4291.87856471
0.0487  4291.66641176
0.04872  4291.45425882
0.04874  4291.24210588
0.04876  4291.02995294
0.04878  4290.8178
0.0488  4290.60564706
0.04882  4290.39349412
0.04884  4290.18134118
0.04886  4289.96918824
0.04888  4289.75703529
0.0489  4289.54488235
0.04892  4289.33272941
0.04894  4289.12057647
0.04896  4288.90842353
0.04898  4288.69627059
0.049  4288.48411765
0.04902  4288.27196471
0.04904  4288.05981176
0.04906  4287.84765882
0.04908  4287.63550588
0.0491  4287.42335294
0.04912  4287.2112
0.04914  4286.99904706
0.04916  4286.78689412
0.04918  4286.57474118
0.0492  4286.36258824
0.04922  4286.15043529
0.04924  4285.93828235
0.04926  4285.72612941
0.04928  4285.51397647
0.0493  4285.30182353
0.04932  4285.08967059
0.04934  4284.87751765
0.04936  4284.66536471
0.04938  4284.45321176
0.0494  4284.24105882
0.04942  4284.02890588
0.04944  4283.81675294
0.04946  4283.6046
0.04948  4283.39244706
0.0495  4283.18029412
0.04952  4282.96814118
0.04954  4282.75598824
0.04956  4282.54383529
0.04958  4282.33168235
0.0496  4282.11952941
0.04962  4281.90737647
0.04964  4281.69522353
0.04966  4281.48307059
0.04968  4281.27091765
0.0497  4281.05876471
0.04972  4280.84661176
0.04974  4280.63445882
0.04976  4280.42230588
0.04978  4280.21015294
0.0498  4279.998
0.04982  4279.78584706
0.04984  4279.57369412
0.04986  4279.36154118
0.04988  4279.14938824
0.0499  4278.93723529
0.04992  4278.72508235
0.04994  4278.51292941
0.04996  4278.30077647
0.04998  4278.08862353
0.05  4277.87647059
0.05002  4277.66431765
0.05004  4277.45216471
0.05006  4277.24001176
0.05008  4277.02785882
0.0501  4276.81570588
0.05012  4276.60355294
0.05014  4276.3914
0.05016  4276.17924706
0.05018  4275.96709412
0.0502  4275.75494118
0.05022  4275.54278824
0.05024  4275.33063529
0.05026  4275.11848235
0.05028  4274.90632941
0.0503  4274.69417647
0.05032  4274.48202353
0.05034  4274.26987059
0.05036  4274.05771765
0.05038  4273.84556471
0.0504  4273.63341176
0.05042  4273.42125882
0.05044  4273.20910588
0.05046  4272.99695294
0.05048  4272.7848
0.0505  4272.57264706
0.05052  4272.36049412
0.05054  4272.14834118
0.05056  4271.93618824
0.05058  4271.72403529
0.0506  4271.51188235
0.05062  4271.29972941
0.05064  4271.08757647
0.05066  4270.87542353
0.05068  4270.66327059
0.0507  4270.45111765
0.05072  4270.23896471
0.05074  4270.02681176
0.05076  4269.81465882
0.05078  4269.60250588
0.0508  4269.39035294
0.05082  4269.1782
0.05084  4268.96604706
0.05086  4268.75389412
0.05088  4268.54174118
0.0509  4268.32958824
0.05092  4268.11743529
0.05094  4267.90528235
0.05096  4267.69312941
0.05098  4267.48097647
0.051  4267.26882353
0.05102  4267.05667059
0.05104  4266.84451765
0.05106  4266.63236471
0.05108  4266.42021176
0.0511  4266.20805882
0.05112  4265.99590588
0.05114  4265.78375294
0.05116  4265.5716
0.05118  4265.35944706
0.0512  4265.14729412
0.05122  4264.93514118
0.05124  4264.72298824
0.05126  4264.51083529
0.05128  4264.29868235
0.0513  4264.08652941
0.05132  4263.87437647
0.05134  4263.66222353
0.05136  4263.45007059
0.05138  4263.23791765
0.0514  4263.02576471
0.05142  4262.81361176
0.05144  4262.60145882
0.05146  4262.38930588
0.05148  4262.17715294
0.0515  4261.965
0.05152  4261.75284706
0.05154  4261.54069412
0.05156  4261.32854118
0.05158  4261.11638824
0.0516  4260.90423529
0.05162  4260.69208235
0.05164  4260.47992941
0.05166  4260.26777647
0.05168  4260.05562353
0.0517  4259.84347059
0.05172  4259.63131765
0.05174  4259.41916471
0.05176  4259.20701176
0.05178  4258.99485882
0.0518  4258.78270588
0.05182  4258.57055294
0.05184  4258.3584
0.05186  4258.14624706
0.05188  4257.93409412
0.0519  4257.72194118
0.05192  4257.50978824
0.05194  4257.29763529
0.05196  4257.08548235
0.05198  4256.87332941
0.052  4256.66117647
0.05202  4256.44902353
0.05204  4256.23687059
0.05206  4256.02471765
0.05208  4255.81256471
0.0521  4255.60041176
0.05212  4255.38825882
0.05214  4255.17610588
0.05216  4254.96395294
0.05218  4254.7518
0.0522  4254.53964706
0.05222  4254.32749412
0.05224  4254.11534118
0.05226  4253.90318824
0.05228  4253.69103529
0.0523  4253.47888235
0.05232  4253.26672941
0.05234  4253.05457647
0.05236  4252.84242353
0.05238  4252.63027059
0.0524  4252.41811765
0.05242  4252.20596471
0.05244  4251.99381176
0.05246  4251.78165882
0.05248  4251.56950588
0.0525  4251.35735294
0.05252  4251.1452
0.05254  4250.93304706
0.05256  4250.72089412
0.05258  4250.50874118
0.0526  4250.29658824
0.05262  4250.08443529
0.05264  4249.87228235
0.05266  4249.66012941
0.05268  4249.44797647
0.0527  4249.23582353
0.05272  4249.02367059
0.05274  4248.81151765
0.05276  4248.59936471
0.05278  4248.38721176
0.0528  4248.17505882
0.05282  4247.96290588
0.05284  4247.75075294
0.05286  4247.5386
0.05288  4247.32644706
0.0529  4247.11429412
0.05292  4246.90214118
0.05294  4246.68998824
0.05296  4246.47783529
0.05298  4246.26568235
0.053  4246.05352941
0.05302  4245.84137647
0.05304  4245.62922353
0.05306  4245.41707059
0.05308  4245.20491765
0.0531  4244.99276471
0.05312  4244.78061176
0.05314  4244.56845882
0.05316  4244.35630588
0.05318  4244.14415294
0.0532  4243.932
0.05322  4243.71984706
0.05324  4243.50769412
0.05326  4243.29554118
0.05328  4243.08338824
0.0533  4242.87123529
0.05332  4242.65908235
0.05334  4242.44692941
0.05336  4242.23477647
0.05338  4242.02262353
0.0534  4241.81047059
0.05342  4241.59831765
0.05344  4241.38616471
0.05346  4241.17401176
0.05348  4240.96185882
0.0535  4240.74970588
0.05352  4240.53755294
0.05354  4240.3254
0.05356  4240.11324706
0.05358  4239.90109412
0.0536  4239.68894118
0.05362  4239.47678824
0.05364  4239.26463529
0.05366  4239.05248235
0.05368  4238.84032941
0.0537  4238.62817647
0.05372  4238.41602353
0.05374  4238.20387059
0.05376  4237.99171765
0.05378  4237.77956471
0.0538  4237.56741176
0.05382  4237.35525882
0.05384  4237.14310588
0.05386  4236.93095294
0.05388  4236.7188
0.0539  4236.50664706
0.05392  4236.29449412
0.05394  4236.08234118
0.05396  4235.87018824
0.05398  4235.65803529
0.054  4235.44588235
0.05402  4235.23372941
0.05404  4235.02157647
0.05406  4234.80942353
0.05408  4234.59727059
0.0541  4234.38511765
0.05412  4234.17296471
0.05414  4233.96081176
0.05416  4233.74865882
0.05418  4233.53650588
0.0542  4233.32435294
0.05422  4233.1122
0.05424  4232.90004706
0.05426  4232.68789412
0.05428  4232.47574118
0.0543  4232.26358824
0.05432  4232.05143529
0.05434  4231.83928235
0.05436  4231.62712941
0.05438  4231.41497647
0.0544  4231.20282353
0.05442  4230.99067059
0.05444  4230.77851765
0.05446  4230.56636471
0.05448  4230.35421176
0.0545  4230.14205882
0.05452  4229.92990588
0.05454  4229.71775294
0.05456  4229.5056
0.05458  4229.29344706
0.0546  4229.08129412
0.05462  4228.86914118
0.05464  4228.65698824
0.05466  4228.44483529
0.05468  4228.23268235
0.0547  4228.02052941
0.05472  4227.80837647
0.05474  4227.59622353
0.05476  4227.38407059
0.05478  4227.17191765
0.0548  4226.95976471
0.05482  4226.74761176
0.05484  4226.53545882
0.05486  4226.32330588
0.05488  4226.11115294
0.0549  4225.899
0.05492  4225.68684706
0.05494  4225.47469412
0.05496  4225.26254118
0.05498  4225.05038824
0.055  4224.83823529
0.05502  4224.62608235
0.05504  4224.41392941
0.05506  4224.20177647
0.05508  4223.98962353
0.0551  4223.77747059
0.05512  4223.56531765
0.05514  4223.35316471
0.05516  4223.14101176
0.05518  4222.92885882
0.0552  4222.71670588
0.05522  4222.50455294
0.05524  4222.2924
0.05526  4222.08024706
0.05528  4221.86809412
0.0553  4221.65594118
0.05532  4221.44378824
0.05534  4221.23163529
0.05536  4221.01948235
0.05538  4220.80732941
0.0554  4220.59517647
0.05542  4220.38302353
0.05544  4220.17087059
0.05546  4219.95871765
0.05548  4219.74656471
0.0555  4219.53441176
0.05552  4219.32225882
0.05554  4219.11010588
0.05556  4218.89795294
0.05558  4218.6858
0.0556  4218.47364706
0.05562  4218.26149412
0.05564  4218.04934118
0.05566  4217.83718824
0.05568  4217.62503529
0.0557  4217.41288235
0.05572  4217.20072941
0.05574  4216.98857647
0.05576  4216.77642353
0.05578  4216.56427059
0.0558  4216.35211765
0.05582  4216.13996471
0.05584  4215.92781176
0.05586  4215.71565882
0.05588  4215.50350588
0.0559  4215.29135294
0.05592  4215.0792
0.05594  4214.86704706
0.05596  4214.65489412
0.05598  4214.44274118
0.056  4214.23058824
0.05602  4214.01843529
0.05604  4213.80628235
0.05606  4213.59412941
0.05608  4213.38197647
0.0561  4213.16982353
0.05612  4212.95767059
0.05614  4212.74551765
0.05616  4212.53336471
0.05618  4212.32121176
0.0562  4212.10905882
0.05622  4211.89690588
0.05624  4211.68475294
0.05626  4211.4726
0.05628  4211.26044706
0.0563  4211.04829412
0.05632  4210.83614118
0.05634  4210.62398824
0.05636  4210.41183529
0.05638  4210.19968235
0.0564  4209.98752941
0.05642  4209.77537647
0.05644  4209.56322353
0.05646  4209.35107059
0.05648  4209.13891765
0.0565  4208.92676471
0.05652  4208.71461176
0.05654  4208.50245882
0.05656  4208.29030588
0.05658  4208.07815294
0.0566  4207.866
0.05662  4207.65384706
0.05664  4207.44169412
0.05666  4207.22954118
0.05668  4207.01738824
0.0567  4206.80523529
0.05672  4206.59308235
0.05674  4206.38092941
0.05676  4206.16877647
0.05678  4205.95662353
0.0568  4205.74447059
0.05682  4205.53231765
0.05684  4205.32016471
0.05686  4205.10801176
0.05688  4204.89585882
0.0569  4204.68370588
0.05692  4204.47155294
0.05694  4204.2594
0.05696  4204.04724706
0.05698  4203.83509412
0.057  4203.62294118
0.05702  4203.41078824
0.05704  4203.19863529
0.05706  4202.98648235
0.05708  4202.77432941
0.0571  4202.56217647
0.05712  4202.35002353
0.05714  4202.13787059
0.05716  4201.92571765
0.05718  4201.71356471
0.0572  4201.50141176
0.05722  4201.28925882
0.05724  4201.07710588
0.05726  4200.86495294
0.05728  4200.6528
0.0573  4200.44064706
0.05732  4200.22849412
0.05734  4200.01634118
0.05736  4199.80418824
0.05738  4199.59203529
0.0574  4199.37988235
0.05742  4199.16772941
0.05744  4198.95557647
0.05746  4198.74342353
0.05748  4198.53127059
0.0575  4198.31911765
0.05752  4198.10696471
0.05754  4197.89481176
0.05756  4197.68265882
0.05758  4197.47050588
0.0576  4197.25835294
0.05762  4197.0462
0.05764  4196.83404706
0.05766  4196.62189412
0.05768  4196.40974118
0.0577  4196.19758824
0.05772  4195.98543529
0.05774  4195.77328235
0.05776  4195.56112941
0.05778  4195.34897647
0.0578  4195.13682353
0.05782  4194.92467059
0.05784  4194.71251765
0.05786  4194.50036471
0.05788  4194.28821176
0.0579  4194.07605882
0.05792  4193.86390588
0.05794  4193.65175294
0.05796  4193.4396
0.05798  4193.22744706
0.058  4193.01529412
0.05802  4192.80314118
0.05804  4192.59098824
0.05806  4192.37883529
0.05808  4192.16668235
0.0581  4191.95452941
0.05812  4191.74237647
0.05814  4191.53022353
0.05816  4191.31807059
0.05818  4191.10591765
0.0582  4190.89376471
0.05822  4190.68161176
0.05824  4190.46945882
0.05826  4190.25730588
0.05828  4190.04515294
0.0583  4189.833
0.05832  4189.62084706
0.05834  4189.40869412
0.05836  4189.19654118
0.05838  4188.98438824
0.0584  4188.77223529
0.05842  4188.56008235
0.05844  4188.34792941
0.05846  4188.13577647
0.05848  4187.92362353
0.0585  4187.71147059
0.05852  4187.49931765
0.05854  4187.28716471
0.05856  4187.07501176
0.05858  4186.86285882
0.0586  4186.65070588
0.05862  4186.43855294
0.05864  4186.2264
0.05866  4186.01424706
0.05868  4185.80209412
0.0587  4185.58994118
0.05872  4185.37778824
0.05874  4185.16563529
0.05876  4184.95348235
0.05878  4184.74132941
0.0588  4184.52917647
0.05882  4184.31702353
0.05884  4184.10487059
0.05886  4183.89271765
0.05888  4183.68056471
0.0589  4183.46841176
0.05892  4183.25625882
0.05894  4183.04410588
0.05896  4182.83195294
0.05898  4182.6198
0.059  4182.40764706
0.05902  4182.19549412
0.05904  4181.98334118
0.05906  4181.77118824
0.05908  4181.55903529
0.0591  4181.34688235
0.05912  4181.13472941
0.05914  4180.92257647
0.05916  4180.71042353
0.05918  4180.49827059
0.0592  4180.28611765
0.05922  4180.07396471
0.05924  4179.86181176
0.05926  4179.64965882
0.05928  4179.43750588
0.0593  4179.22535294
0.05932  4179.0132
0.05934  4178.80104706
0.05936  4178.58889412
0.05938  4178.37674118
0.0594  4178.16458824
0.05942  4177.95243529
0.05944  4177.74028235
0.05946  4177.52812941
0.05948  4177.31597647
0.0595  4177.10382353
0.05952  4176.89167059
0.05954  4176.67951765
0.05956  4176.46736471
0.05958  4176.25521176
0.0596  4176.04305882
0.05962  4175.83090588
0.05964  4175.61875294
0.05966  4175.4066
0.05968  4175.19444706
0.0597  4174.98229412
0.05972  4174.77014118
0.05974  4174.55798824
0.05976  4174.34583529
0.05978  4174.13368235
0.0598  4173.92152941
0.05982  4173.70937647
0.05984  4173.49722353
0.05986  4173.28507059
0.05988  4173.07291765
0.0599  4172.86076471
0.05992  4172.64861176
0.05994  4172.43645882
0.05996  4172.22430588
0.05998  4172.01215294
0.06  4171.8
0.06002  4049.31
0.06004  3914.91
0.06006  3769.32
0.06008  3613.08
0.0601  3445.65
0.06012  3269.4
0.06014  3085.32
0.06016  2895.25
0.06018  2700.68
0.0602  2504.82
0.06022  2309.5
0.06024  2116.99
0.06026  1928.95
0.06028  1748.74
0.0603  1576.56
0.06032  1413.78
0.06034  1262.53
0.06036  1121.85
0.06038  993.102
0.0604  875.877
0.06042  769.896
0.06044  674.691
0.06046  589.857
0.06048  514.272
0.0605  447.408
0.06052  388.365
0.06054  336.915
0.06056  291.647
0.06058  252.044
0.0606  217.657
0.06062  187.709
0.06064  161.806
0.06066  146.699
0.06068  135.103
0.0607  126.502
0.06072  121.083
0.06074  119.115
0.06076  117.178
0.06078  118.436
0.0608  121.73
0.06082  127.227
0.06084  136.652
0.06086  146.699
0.06088  163.651
0.0609  183.383
0.06092  207.638
0.06094  238.827
0.06096  275.861
0.06098  321.651
0.061  380.322
0.06102  442.023
0.06104  517.527
0.06106  610.311
0.06108  710.178
0.0611  819.627
0.06112  938.43
0.06114  1069.82
0.06116  1214.24
0.06118  1360.58
0.0612  1528.52
0.06122  1683.43
0.06124  1852.36
0.06126  1993.95
0.06128  2166.43
0.0613  2314.92
0.06132  2472
0.06134  2608.29
0.06136  2758.6
0.06138  2879.6
0.0614  2997.68
0.06142  3115.68
0.06144  3216.42
0.06146  3322.17
0.06148  3406.17
0.0615  3481.2
0.06152  3555.3
0.06154  3620.88
0.06156  3679.17
0.06158  3724.71
0.0616  3786.51
0.06162  3824.58
0.06164  3872.13
0.06166  3913.47
0.06168  3943.77
0.0617  3983.73
0.06172  4003.35
0.06174  4031.94
0.06176  4055.49
0.06178  4083.39
0.0618  4110.45
0.06182  4132.65
0.06184  4149.96
0.06186  4158.99
0.06188  4175.94
0.0619  4192.95
0.06192  4205.67
0.06194  4217.97
0.06196  4230.15
0.06198  4242.21
0.062  4254.09
0.06202  4254.09
0.06204  4261.77
0.06206  4265.88
0.06208  4285.56
0.0621  4285.56
0.06212  4293
0.06214  4296.99
0.06216  4304.34
0.06218  4300.92
0.0622  4308.27
0.06222  4315.8
0.06224  4323.3
0.06226  4319.43
0.06228  4323.3
0.0623  4323.3
0.06232  4334.28
0.06234  4330.44
0.06236  4330.44
0.06238  4330.44
0.0624  4337.82
0.06242  4337.82
0.06244  4345.14
0.06246  4345.14
0.06248  4341.6
0.0625  4348.89
0.06252  4348.89
0.06254  4341.6
0.06256  4345.14
0.06258  4345.14
0.0626  4345.14
0.06262  4348.89
0.06264  4348.89
0.06266  4348.89
0.06268  4352.13
0.0627  4345.14
0.06272  4348.89
0.06274  4345.14
0.06276  4348.89
0.06278  4348.89
0.0628  4352.13
0.06282  4348.89
0.06284  4355.85
0.06286  4355.85
0.06288  4345.14
0.0629  4355.85
0.06292  4348.89
0.06294  4352.13
0.06296  4348.89
0.06298  4345.14
0.063  4352.13
