0.00000  1390.6
0.00002  1349.77
0.00004  1304.97
0.00006  1256.44
0.00008  1204.36
0.00010  1148.55
0.00012  1089.8
0.00014  1028.44
0.00016  965.083
0.00018  900.225
0.00020  834.94
0.00022  769.833
0.00024  705.662
0.00026  642.985
0.00028  582.912
0.00030  525.519
0.00032  471.259
0.00034  420.843
0.00036  373.949
0.00038  331.034
0.00040  291.959
0.00042  256.632
0.00044  224.897
0.00046  196.619
0.00048  171.424
0.00050  149.136
0.00052  129.455
0.00054  112.305
0.00056  97.2155
0.00058  84.0146
0.00060  72.5522
0.00062  62.5696
0.00064  53.9354
0.00066  48.8997
0.00068  45.0345
0.00070  42.1675
0.00072  40.361
0.00074  39.705
0.00076  39.0595
0.00078  39.4788
0.00080  40.5768
0.00082  42.4089
0.00084  45.5507
0.00086  48.8997
0.00088  54.5503
0.00090  61.1277
0.00092  69.2127
0.00094  79.609
0.00096  91.9536
0.00098  107.217
0.00100  126.774
0.00102  147.341
0.00104  172.509
0.00106  203.437
0.00108  236.726
0.00110  273.209
0.00112  312.81
0.00114  356.605
0.00116  404.745
0.00118  453.527
0.00120  509.507
0.00122  561.143
0.00124  617.454
0.00126  664.651
0.00128  722.145
0.00130  771.641
0.00132  824
0.00134  869.431
0.00136  919.532
0.00138  959.867
0.00140  999.225
0.00142  1038.56
0.00144  1072.14
0.00146  1107.39
0.00148  1135.39
0.00150  1160.4
0.00152  1185.1
0.00154  1206.96
0.00156  1226.39
0.00158  1241.57
0.00160  1262.17
0.00162  1274.86
0.00164  1290.71
0.00166  1304.49
0.00168  1314.59
0.00170  1327.91
0.00172  1334.45
0.00174  1343.98
0.00176  1351.83
0.00178  1361.13
0.00180  1370.15
0.00182  1377.55
0.00184  1383.32
0.00186  1386.33
0.00188  1391.98
0.00190  1397.65
0.00192  1401.89
0.00194  1405.99
0.00196  1410.05
0.00198  1414.07
0.00200  1418.03
0.00202  1418.03
0.00204  1420.59
0.00206  1421.96
0.00208  1428.52
0.00210  1428.52
0.00212  1431
0.00214  1432.33
0.00216  1434.78
0.00218  1433.64
0.00220  1436.09
0.00222  1438.6
0.00224  1441.1
0.00226  1439.81
0.00228  1441.1
0.00230  1441.1
0.00232  1444.76
0.00234  1443.48
0.00236  1443.48
0.00238  1443.48
0.00240  1445.94
0.00242  1445.94
0.00244  1448.38
0.00246  1448.38
0.00248  1447.2
0.00250  1449.63
0.00252  1449.63
0.00254  1447.2
0.00256  1448.38
0.00258  1448.38
0.00260  1448.38
0.00262  1449.63
0.00264  1449.63
0.00266  1449.63
0.00268  1450.71
0.00270  1448.38
0.00272  1449.63
0.00274  1448.38
0.00276  1449.63
0.00278  1449.63
0.00280  1450.71
0.00282  1449.63
0.00284  1451.95
0.00286  1451.95
0.00288  1448.38
0.00290  1451.95
0.00292  1449.63
0.00294  1450.71
0.00296  1449.63
0.00298  1448.38
0.00300  1450.71
0.00302  1450.63928235
0.00304  1450.56856471
0.00306  1450.49784706
0.00308  1450.42712941
0.0031  1450.35641176
0.00312  1450.28569412
0.00314  1450.21497647
0.00316  1450.14425882
0.00318  1450.07354118
0.0032  1450.00282353
0.00322  1449.93210588
0.00324  1449.86138824
0.00326  1449.79067059
0.00328  1449.71995294
0.0033  1449.64923529
0.00332  1449.57851765
0.00334  1449.5078
0.00336  1449.43708235
0.00338  1449.36636471
0.0034  1449.29564706
0.00342  1449.22492941
0.00344  1449.15421176
0.00346  1449.08349412
0.00348  1449.01277647
0.0035  1448.94205882
0.00352  1448.87134118
0.00354  1448.80062353
0.00356  1448.72990588
0.00358  1448.65918824
0.0036  1448.58847059
0.00362  1448.51775294
0.00364  1448.44703529
0.00366  1448.37631765
0.00368  1448.3056
0.0037  1448.23488235
0.00372  1448.16416471
0.00374  1448.09344706
0.00376  1448.02272941
0.00378  1447.95201176
0.0038  1447.88129412
0.00382  1447.81057647
0.00384  1447.73985882
0.00386  1447.66914118
0.00388  1447.59842353
0.0039  1447.52770588
0.00392  1447.45698824
0.00394  1447.38627059
0.00396  1447.31555294
0.00398  1447.24483529
0.004  1447.17411765
0.00402  1447.1034
0.00404  1447.03268235
0.00406  1446.96196471
0.00408  1446.89124706
0.0041  1446.82052941
0.00412  1446.74981176
0.00414  1446.67909412
0.00416  1446.60837647
0.00418  1446.53765882
0.0042  1446.46694118
0.00422  1446.39622353
0.00424  1446.32550588
0.00426  1446.25478824
0.00428  1446.18407059
0.0043  1446.11335294
0.00432  1446.04263529
0.00434  1445.97191765
0.00436  1445.9012
0.00438  1445.83048235
0.0044  1445.75976471
0.00442  1445.68904706
0.00444  1445.61832941
0.00446  1445.54761176
0.00448  1445.47689412
0.0045  1445.40617647
0.00452  1445.33545882
0.00454  1445.26474118
0.00456  1445.19402353
0.00458  1445.12330588
0.0046  1445.05258824
0.00462  1444.98187059
0.00464  1444.91115294
0.00466  1444.84043529
0.00468  1444.76971765
0.0047  1444.699
0.00472  1444.62828235
0.00474  1444.55756471
0.00476  1444.48684706
0.00478  1444.41612941
0.0048  1444.34541176
0.00482  1444.27469412
0.00484  1444.20397647
0.00486  1444.13325882
0.00488  1444.06254118
0.0049  1443.99182353
0.00492  1443.92110588
0.00494  1443.85038824
0.00496  1443.77967059
0.00498  1443.70895294
0.005  1443.63823529
0.00502  1443.56751765
0.00504  1443.4968
0.00506  1443.42608235
0.00508  1443.35536471
0.0051  1443.28464706
0.00512  1443.21392941
0.00514  1443.14321176
0.00516  1443.07249412
0.00518  1443.00177647
0.0052  1442.93105882
0.00522  1442.86034118
0.00524  1442.78962353
0.00526  1442.71890588
0.00528  1442.64818824
0.0053  1442.57747059
0.00532  1442.50675294
0.00534  1442.43603529
0.00536  1442.36531765
0.00538  1442.2946
0.0054  1442.22388235
0.00542  1442.15316471
0.00544  1442.08244706
0.00546  1442.01172941
0.00548  1441.94101176
0.0055  1441.87029412
0.00552  1441.79957647
0.00554  1441.72885882
0.00556  1441.65814118
0.00558  1441.58742353
0.0056  1441.51670588
0.00562  1441.44598824
0.00564  1441.37527059
0.00566  1441.30455294
0.00568  1441.23383529
0.0057  1441.16311765
0.00572  1441.0924
0.00574  1441.02168235
0.00576  1440.95096471
0.00578  1440.88024706
0.0058  1440.80952941
0.00582  1440.73881176
0.00584  1440.66809412
0.00586  1440.59737647
0.00588  1440.52665882
0.0059  1440.45594118
0.00592  1440.38522353
0.00594  1440.31450588
0.00596  1440.24378824
0.00598  1440.17307059
0.006  1440.10235294
0.00602  1440.03163529
0.00604  1439.96091765
0.00606  1439.8902
0.00608  1439.81948235
0.0061  1439.74876471
0.00612  1439.67804706
0.00614  1439.60732941
0.00616  1439.53661176
0.00618  1439.46589412
0.0062  1439.39517647
0.00622  1439.32445882
0.00624  1439.25374118
0.00626  1439.18302353
0.00628  1439.11230588
0.0063  1439.04158824
0.00632  1438.97087059
0.00634  1438.90015294
0.00636  1438.82943529
0.00638  1438.75871765
0.0064  1438.688
0.00642  1438.61728235
0.00644  1438.54656471
0.00646  1438.47584706
0.00648  1438.40512941
0.0065  1438.33441176
0.00652  1438.26369412
0.00654  1438.19297647
0.00656  1438.12225882
0.00658  1438.05154118
0.0066  1437.98082353
0.00662  1437.91010588
0.00664  1437.83938824
0.00666  1437.76867059
0.00668  1437.69795294
0.0067  1437.62723529
0.00672  1437.55651765
0.00674  1437.4858
0.00676  1437.41508235
0.00678  1437.34436471
0.0068  1437.27364706
0.00682  1437.20292941
0.00684  1437.13221176
0.00686  1437.06149412
0.00688  1436.99077647
0.0069  1436.92005882
0.00692  1436.84934118
0.00694  1436.77862353
0.00696  1436.70790588
0.00698  1436.63718824
0.007  1436.56647059
0.00702  1436.49575294
0.00704  1436.42503529
0.00706  1436.35431765
0.00708  1436.2836
0.0071  1436.21288235
0.00712  1436.14216471
0.00714  1436.07144706
0.00716  1436.00072941
0.00718  1435.93001176
0.0072  1435.85929412
0.00722  1435.78857647
0.00724  1435.71785882
0.00726  1435.64714118
0.00728  1435.57642353
0.0073  1435.50570588
0.00732  1435.43498824
0.00734  1435.36427059
0.00736  1435.29355294
0.00738  1435.22283529
0.0074  1435.15211765
0.00742  1435.0814
0.00744  1435.01068235
0.00746  1434.93996471
0.00748  1434.86924706
0.0075  1434.79852941
0.00752  1434.72781176
0.00754  1434.65709412
0.00756  1434.58637647
0.00758  1434.51565882
0.0076  1434.44494118
0.00762  1434.37422353
0.00764  1434.30350588
0.00766  1434.23278824
0.00768  1434.16207059
0.0077  1434.09135294
0.00772  1434.02063529
0.00774  1433.94991765
0.00776  1433.8792
0.00778  1433.80848235
0.0078  1433.73776471
0.00782  1433.66704706
0.00784  1433.59632941
0.00786  1433.52561176
0.00788  1433.45489412
0.0079  1433.38417647
0.00792  1433.31345882
0.00794  1433.24274118
0.00796  1433.17202353
0.00798  1433.10130588
0.008  1433.03058824
0.00802  1432.95987059
0.00804  1432.88915294
0.00806  1432.81843529
0.00808  1432.74771765
0.0081  1432.677
0.00812  1432.60628235
0.00814  1432.53556471
0.00816  1432.46484706
0.00818  1432.39412941
0.0082  1432.32341176
0.00822  1432.25269412
0.00824  1432.18197647
0.00826  1432.11125882
0.00828  1432.04054118
0.0083  1431.96982353
0.00832  1431.89910588
0.00834  1431.82838824
0.00836  1431.75767059
0.00838  1431.68695294
0.0084  1431.61623529
0.00842  1431.54551765
0.00844  1431.4748
0.00846  1431.40408235
0.00848  1431.33336471
0.0085  1431.26264706
0.00852  1431.19192941
0.00854  1431.12121176
0.00856  1431.05049412
0.00858  1430.97977647
0.0086  1430.90905882
0.00862  1430.83834118
0.00864  1430.76762353
0.00866  1430.69690588
0.00868  1430.62618824
0.0087  1430.55547059
0.00872  1430.48475294
0.00874  1430.41403529
0.00876  1430.34331765
0.00878  1430.2726
0.0088  1430.20188235
0.00882  1430.13116471
0.00884  1430.06044706
0.00886  1429.98972941
0.00888  1429.91901176
0.0089  1429.84829412
0.00892  1429.77757647
0.00894  1429.70685882
0.00896  1429.63614118
0.00898  1429.56542353
0.009  1429.49470588
0.00902  1429.42398824
0.00904  1429.35327059
0.00906  1429.28255294
0.00908  1429.21183529
0.0091  1429.14111765
0.00912  1429.0704
0.00914  1428.99968235
0.00916  1428.92896471
0.00918  1428.85824706
0.0092  1428.78752941
0.00922  1428.71681176
0.00924  1428.64609412
0.00926  1428.57537647
0.00928  1428.50465882
0.0093  1428.43394118
0.00932  1428.36322353
0.00934  1428.29250588
0.00936  1428.22178824
0.00938  1428.15107059
0.0094  1428.08035294
0.00942  1428.00963529
0.00944  1427.93891765
0.00946  1427.8682
0.00948  1427.79748235
0.0095  1427.72676471
0.00952  1427.65604706
0.00954  1427.58532941
0.00956  1427.51461176
0.00958  1427.44389412
0.0096  1427.37317647
0.00962  1427.30245882
0.00964  1427.23174118
0.00966  1427.16102353
0.00968  1427.09030588
0.0097  1427.01958824
0.00972  1426.94887059
0.00974  1426.87815294
0.00976  1426.80743529
0.00978  1426.73671765
0.0098  1426.666
0.00982  1426.59528235
0.00984  1426.52456471
0.00986  1426.45384706
0.00988  1426.38312941
0.0099  1426.31241176
0.00992  1426.24169412
0.00994  1426.17097647
0.00996  1426.10025882
0.00998  1426.02954118
0.01  1425.95882353
0.01002  1425.88810588
0.01004  1425.81738824
0.01006  1425.74667059
0.01008  1425.67595294
0.0101  1425.60523529
0.01012  1425.53451765
0.01014  1425.4638
0.01016  1425.39308235
0.01018  1425.32236471
0.0102  1425.25164706
0.01022  1425.18092941
0.01024  1425.11021176
0.01026  1425.03949412
0.01028  1424.96877647
0.0103  1424.89805882
0.01032  1424.82734118
0.01034  1424.75662353
0.01036  1424.68590588
0.01038  1424.61518824
0.0104  1424.54447059
0.01042  1424.47375294
0.01044  1424.40303529
0.01046  1424.33231765
0.01048  1424.2616
0.0105  1424.19088235
0.01052  1424.12016471
0.01054  1424.04944706
0.01056  1423.97872941
0.01058  1423.90801176
0.0106  1423.83729412
0.01062  1423.76657647
0.01064  1423.69585882
0.01066  1423.62514118
0.01068  1423.55442353
0.0107  1423.48370588
0.01072  1423.41298824
0.01074  1423.34227059
0.01076  1423.27155294
0.01078  1423.20083529
0.0108  1423.13011765
0.01082  1423.0594
0.01084  1422.98868235
0.01086  1422.91796471
0.01088  1422.84724706
0.0109  1422.77652941
0.01092  1422.70581176
0.01094  1422.63509412
0.01096  1422.56437647
0.01098  1422.49365882
0.011  1422.42294118
0.01102  1422.35222353
0.01104  1422.28150588
0.01106  1422.21078824
0.01108  1422.14007059
0.0111  1422.06935294
0.01112  1421.99863529
0.01114  1421.92791765
0.01116  1421.8572
0.01118  1421.78648235
0.0112  1421.71576471
0.01122  1421.64504706
0.01124  1421.57432941
0.01126  1421.50361176
0.01128  1421.43289412
0.0113  1421.36217647
0.01132  1421.29145882
0.01134  1421.22074118
0.01136  1421.15002353
0.01138  1421.07930588
0.0114  1421.00858824
0.01142  1420.93787059
0.01144  1420.86715294
0.01146  1420.79643529
0.01148  1420.72571765
0.0115  1420.655
0.01152  1420.58428235
0.01154  1420.51356471
0.01156  1420.44284706
0.01158  1420.37212941
0.0116  1420.30141176
0.01162  1420.23069412
0.01164  1420.15997647
0.01166  1420.08925882
0.01168  1420.01854118
0.0117  1419.94782353
0.01172  1419.87710588
0.01174  1419.80638824
0.01176  1419.73567059
0.01178  1419.66495294
0.0118  1419.59423529
0.01182  1419.52351765
0.01184  1419.4528
0.01186  1419.38208235
0.01188  1419.31136471
0.0119  1419.24064706
0.01192  1419.16992941
0.01194  1419.09921176
0.01196  1419.02849412
0.01198  1418.95777647
0.012  1418.88705882
0.01202  1418.81634118
0.01204  1418.74562353
0.01206  1418.67490588
0.01208  1418.60418824
0.0121  1418.53347059
0.01212  1418.46275294
0.01214  1418.39203529
0.01216  1418.32131765
0.01218  1418.2506
0.0122  1418.17988235
0.01222  1418.10916471
0.01224  1418.03844706
0.01226  1417.96772941
0.01228  1417.89701176
0.0123  1417.82629412
0.01232  1417.75557647
0.01234  1417.68485882
0.01236  1417.61414118
0.01238  1417.54342353
0.0124  1417.47270588
0.01242  1417.40198824
0.01244  1417.33127059
0.01246  1417.26055294
0.01248  1417.18983529
0.0125  1417.11911765
0.01252  1417.0484
0.01254  1416.97768235
0.01256  1416.90696471
0.01258  1416.83624706
0.0126  1416.76552941
0.01262  1416.69481176
0.01264  1416.62409412
0.01266  1416.55337647
0.01268  1416.48265882
0.0127  1416.41194118
0.01272  1416.34122353
0.01274  1416.27050588
0.01276  1416.19978824
0.01278  1416.12907059
0.0128  1416.05835294
0.01282  1415.98763529
0.01284  1415.91691765
0.01286  1415.8462
0.01288  1415.77548235
0.0129  1415.70476471
0.01292  1415.63404706
0.01294  1415.56332941
0.01296  1415.49261176
0.01298  1415.42189412
0.013  1415.35117647
0.01302  1415.28045882
0.01304  1415.20974118
0.01306  1415.13902353
0.01308  1415.06830588
0.0131  1414.99758824
0.01312  1414.92687059
0.01314  1414.85615294
0.01316  1414.78543529
0.01318  1414.71471765
0.0132  1414.644
0.01322  1414.57328235
0.01324  1414.50256471
0.01326  1414.43184706
0.01328  1414.36112941
0.0133  1414.29041176
0.01332  1414.21969412
0.01334  1414.14897647
0.01336  1414.07825882
0.01338  1414.00754118
0.0134  1413.93682353
0.01342  1413.86610588
0.01344  1413.79538824
0.01346  1413.72467059
0.01348  1413.65395294
0.0135  1413.58323529
0.01352  1413.51251765
0.01354  1413.4418
0.01356  1413.37108235
0.01358  1413.30036471
0.0136  1413.22964706
0.01362  1413.15892941
0.01364  1413.08821176
0.01366  1413.01749412
0.01368  1412.94677647
0.0137  1412.87605882
0.01372  1412.80534118
0.01374  1412.73462353
0.01376  1412.66390588
0.01378  1412.59318824
0.0138  1412.52247059
0.01382  1412.45175294
0.01384  1412.38103529
0.01386  1412.31031765
0.01388  1412.2396
0.0139  1412.16888235
0.01392  1412.09816471
0.01394  1412.02744706
0.01396  1411.95672941
0.01398  1411.88601176
0.014  1411.81529412
0.01402  1411.74457647
0.01404  1411.67385882
0.01406  1411.60314118
0.01408  1411.53242353
0.0141  1411.46170588
0.01412  1411.39098824
0.01414  1411.32027059
0.01416  1411.24955294
0.01418  1411.17883529
0.0142  1411.10811765
0.01422  1411.0374
0.01424  1410.96668235
0.01426  1410.89596471
0.01428  1410.82524706
0.0143  1410.75452941
0.01432  1410.68381176
0.01434  1410.61309412
0.01436  1410.54237647
0.01438  1410.47165882
0.0144  1410.40094118
0.01442  1410.33022353
0.01444  1410.25950588
0.01446  1410.18878824
0.01448  1410.11807059
0.0145  1410.04735294
0.01452  1409.97663529
0.01454  1409.90591765
0.01456  1409.8352
0.01458  1409.76448235
0.0146  1409.69376471
0.01462  1409.62304706
0.01464  1409.55232941
0.01466  1409.48161176
0.01468  1409.41089412
0.0147  1409.34017647
0.01472  1409.26945882
0.01474  1409.19874118
0.01476  1409.12802353
0.01478  1409.05730588
0.0148  1408.98658824
0.01482  1408.91587059
0.01484  1408.84515294
0.01486  1408.77443529
0.01488  1408.70371765
0.0149  1408.633
0.01492  1408.56228235
0.01494  1408.49156471
0.01496  1408.42084706
0.01498  1408.35012941
0.015  1408.27941176
0.01502  1408.20869412
0.01504  1408.13797647
0.01506  1408.06725882
0.01508  1407.99654118
0.0151  1407.92582353
0.01512  1407.85510588
0.01514  1407.78438824
0.01516  1407.71367059
0.01518  1407.64295294
0.0152  1407.57223529
0.01522  1407.50151765
0.01524  1407.4308
0.01526  1407.36008235
0.01528  1407.28936471
0.0153  1407.21864706
0.01532  1407.14792941
0.01534  1407.07721176
0.01536  1407.00649412
0.01538  1406.93577647
0.0154  1406.86505882
0.01542  1406.79434118
0.01544  1406.72362353
0.01546  1406.65290588
0.01548  1406.58218824
0.0155  1406.51147059
0.01552  1406.44075294
0.01554  1406.37003529
0.01556  1406.29931765
0.01558  1406.2286
0.0156  1406.15788235
0.01562  1406.08716471
0.01564  1406.01644706
0.01566  1405.94572941
0.01568  1405.87501176
0.0157  1405.80429412
0.01572  1405.73357647
0.01574  1405.66285882
0.01576  1405.59214118
0.01578  1405.52142353
0.0158  1405.45070588
0.01582  1405.37998824
0.01584  1405.30927059
0.01586  1405.23855294
0.01588  1405.16783529
0.0159  1405.09711765
0.01592  1405.0264
0.01594  1404.95568235
0.01596  1404.88496471
0.01598  1404.81424706
0.016  1404.74352941
0.01602  1404.67281176
0.01604  1404.60209412
0.01606  1404.53137647
0.01608  1404.46065882
0.0161  1404.38994118
0.01612  1404.31922353
0.01614  1404.24850588
0.01616  1404.17778824
0.01618  1404.10707059
0.0162  1404.03635294
0.01622  1403.96563529
0.01624  1403.89491765
0.01626  1403.8242
0.01628  1403.75348235
0.0163  1403.68276471
0.01632  1403.61204706
0.01634  1403.54132941
0.01636  1403.47061176
0.01638  1403.39989412
0.0164  1403.32917647
0.01642  1403.25845882
0.01644  1403.18774118
0.01646  1403.11702353
0.01648  1403.04630588
0.0165  1402.97558824
0.01652  1402.90487059
0.01654  1402.83415294
0.01656  1402.76343529
0.01658  1402.69271765
0.0166  1402.622
0.01662  1402.55128235
0.01664  1402.48056471
0.01666  1402.40984706
0.01668  1402.33912941
0.0167  1402.26841176
0.01672  1402.19769412
0.01674  1402.12697647
0.01676  1402.05625882
0.01678  1401.98554118
0.0168  1401.91482353
0.01682  1401.84410588
0.01684  1401.77338824
0.01686  1401.70267059
0.01688  1401.63195294
0.0169  1401.56123529
0.01692  1401.49051765
0.01694  1401.4198
0.01696  1401.34908235
0.01698  1401.27836471
0.017  1401.20764706
0.01702  1401.13692941
0.01704  1401.06621176
0.01706  1400.99549412
0.01708  1400.92477647
0.0171  1400.85405882
0.01712  1400.78334118
0.01714  1400.71262353
0.01716  1400.64190588
0.01718  1400.57118824
0.0172  1400.50047059
0.01722  1400.42975294
0.01724  1400.35903529
0.01726  1400.28831765
0.01728  1400.2176
0.0173  1400.14688235
0.01732  1400.07616471
0.01734  1400.00544706
0.01736  1399.93472941
0.01738  1399.86401176
0.0174  1399.79329412
0.01742  1399.72257647
0.01744  1399.65185882
0.01746  1399.58114118
0.01748  1399.51042353
0.0175  1399.43970588
0.01752  1399.36898824
0.01754  1399.29827059
0.01756  1399.22755294
0.01758  1399.15683529
0.0176  1399.08611765
0.01762  1399.0154
0.01764  1398.94468235
0.01766  1398.87396471
0.01768  1398.80324706
0.0177  1398.73252941
0.01772  1398.66181176
0.01774  1398.59109412
0.01776  1398.52037647
0.01778  1398.44965882
0.0178  1398.37894118
0.01782  1398.30822353
0.01784  1398.23750588
0.01786  1398.16678824
0.01788  1398.09607059
0.0179  1398.02535294
0.01792  1397.95463529
0.01794  1397.88391765
0.01796  1397.8132
0.01798  1397.74248235
0.018  1397.67176471
0.01802  1397.60104706
0.01804  1397.53032941
0.01806  1397.45961176
0.01808  1397.38889412
0.0181  1397.31817647
0.01812  1397.24745882
0.01814  1397.17674118
0.01816  1397.10602353
0.01818  1397.03530588
0.0182  1396.96458824
0.01822  1396.89387059
0.01824  1396.82315294
0.01826  1396.75243529
0.01828  1396.68171765
0.0183  1396.611
0.01832  1396.54028235
0.01834  1396.46956471
0.01836  1396.39884706
0.01838  1396.32812941
0.0184  1396.25741176
0.01842  1396.18669412
0.01844  1396.11597647
0.01846  1396.04525882
0.01848  1395.97454118
0.0185  1395.90382353
0.01852  1395.83310588
0.01854  1395.76238824
0.01856  1395.69167059
0.01858  1395.62095294
0.0186  1395.55023529
0.01862  1395.47951765
0.01864  1395.4088
0.01866  1395.33808235
0.01868  1395.26736471
0.0187  1395.19664706
0.01872  1395.12592941
0.01874  1395.05521176
0.01876  1394.98449412
0.01878  1394.91377647
0.0188  1394.84305882
0.01882  1394.77234118
0.01884  1394.70162353
0.01886  1394.63090588
0.01888  1394.56018824
0.0189  1394.48947059
0.01892  1394.41875294
0.01894  1394.34803529
0.01896  1394.27731765
0.01898  1394.2066
0.019  1394.13588235
0.01902  1394.06516471
0.01904  1393.99444706
0.01906  1393.92372941
0.01908  1393.85301176
0.0191  1393.78229412
0.01912  1393.71157647
0.01914  1393.64085882
0.01916  1393.57014118
0.01918  1393.49942353
0.0192  1393.42870588
0.01922  1393.35798824
0.01924  1393.28727059
0.01926  1393.21655294
0.01928  1393.14583529
0.0193  1393.07511765
0.01932  1393.0044
0.01934  1392.93368235
0.01936  1392.86296471
0.01938  1392.79224706
0.0194  1392.72152941
0.01942  1392.65081176
0.01944  1392.58009412
0.01946  1392.50937647
0.01948  1392.43865882
0.0195  1392.36794118
0.01952  1392.29722353
0.01954  1392.22650588
0.01956  1392.15578824
0.01958  1392.08507059
0.0196  1392.01435294
0.01962  1391.94363529
0.01964  1391.87291765
0.01966  1391.8022
0.01968  1391.73148235
0.0197  1391.66076471
0.01972  1391.59004706
0.01974  1391.51932941
0.01976  1391.44861176
0.01978  1391.37789412
0.0198  1391.30717647
0.01982  1391.23645882
0.01984  1391.16574118
0.01986  1391.09502353
0.01988  1391.02430588
0.0199  1390.95358824
0.01992  1390.88287059
0.01994  1390.81215294
0.01996  1390.74143529
0.01998  1390.67071765
0.02  1390.6
0.02002  1349.77
0.02004  1304.97
0.02006  1256.44
0.02008  1204.36
0.0201  1148.55
0.02012  1089.8
0.02014  1028.44
0.02016  965.083
0.02018  900.225
0.0202  834.94
0.02022  769.833
0.02024  705.662
0.02026  642.985
0.02028  582.912
0.0203  525.519
0.02032  471.259
0.02034  420.843
0.02036  373.949
0.02038  331.034
0.0204  291.959
0.02042  256.632
0.02044  224.897
0.02046  196.619
0.02048  171.424
0.0205  149.136
0.02052  129.455
0.02054  112.305
0.02056  97.2155
0.02058  84.0146
0.0206  72.5522
0.02062  62.5696
0.02064  53.9354
0.02066  48.8997
0.02068  45.0345
0.0207  42.1675
0.02072  40.361
0.02074  39.705
0.02076  39.0595
0.02078  39.4788
0.0208  40.5768
0.02082  42.4089
0.02084  45.5507
0.02086  48.8997
0.02088  54.5503
0.0209  61.1277
0.02092  69.2127
0.02094  79.609
0.02096  91.9536
0.02098  107.217
0.021  126.774
0.02102  147.341
0.02104  172.509
0.02106  203.437
0.02108  236.726
0.0211  273.209
0.02112  312.81
0.02114  356.605
0.02116  404.745
0.02118  453.527
0.0212  509.507
0.02122  561.143
0.02124  617.454
0.02126  664.651
0.02128  722.145
0.0213  771.641
0.02132  824
0.02134  869.431
0.02136  919.532
0.02138  959.867
0.0214  999.225
0.02142  1038.56
0.02144  1072.14
0.02146  1107.39
0.02148  1135.39
0.0215  1160.4
0.02152  1185.1
0.02154  1206.96
0.02156  1226.39
0.02158  1241.57
0.0216  1262.17
0.02162  1274.86
0.02164  1290.71
0.02166  1304.49
0.02168  1314.59
0.0217  1327.91
0.02172  1334.45
0.02174  1343.98
0.02176  1351.83
0.02178  1361.13
0.0218  1370.15
0.02182  1377.55
0.02184  1383.32
0.02186  1386.33
0.02188  1391.98
0.0219  1397.65
0.02192  1401.89
0.02194  1405.99
0.02196  1410.05
0.02198  1414.07
0.022  1418.03
0.02202  1418.03
0.02204  1420.59
0.02206  1421.96
0.02208  1428.52
0.0221  1428.52
0.02212  1431
0.02214  1432.33
0.02216  1434.78
0.02218  1433.64
0.0222  1436.09
0.02222  1438.6
0.02224  1441.1
0.02226  1439.81
0.02228  1441.1
0.0223  1441.1
0.02232  1444.76
0.02234  1443.48
0.02236  1443.48
0.02238  1443.48
0.0224  1445.94
0.02242  1445.94
0.02244  1448.38
0.02246  1448.38
0.02248  1447.2
0.0225  1449.63
0.02252  1449.63
0.02254  1447.2
0.02256  1448.38
0.02258  1448.38
0.0226  1448.38
0.02262  1449.63
0.02264  1449.63
0.02266  1449.63
0.02268  1450.71
0.0227  1448.38
0.02272  1449.63
0.02274  1448.38
0.02276  1449.63
0.02278  1449.63
0.0228  1450.71
0.02282  1449.63
0.02284  1451.95
0.02286  1451.95
0.02288  1448.38
0.0229  1451.95
0.02292  1449.63
0.02294  1450.71
0.02296  1449.63
0.02298  1448.38
0.023  1450.71
0.02302  1450.63928235
0.02304  1450.56856471
0.02306  1450.49784706
0.02308  1450.42712941
0.0231  1450.35641176
0.02312  1450.28569412
0.02314  1450.21497647
0.02316  1450.14425882
0.02318  1450.07354118
0.0232  1450.00282353
0.02322  1449.93210588
0.02324  1449.86138824
0.02326  1449.79067059
0.02328  1449.71995294
0.0233  1449.64923529
0.02332  1449.57851765
0.02334  1449.5078
0.02336  1449.43708235
0.02338  1449.36636471
0.0234  1449.29564706
0.02342  1449.22492941
0.02344  1449.15421176
0.02346  1449.08349412
0.02348  1449.01277647
0.0235  1448.94205882
0.02352  1448.87134118
0.02354  1448.80062353
0.02356  1448.72990588
0.02358  1448.65918824
0.0236  1448.58847059
0.02362  1448.51775294
0.02364  1448.44703529
0.02366  1448.37631765
0.02368  1448.3056
0.0237  1448.23488235
0.02372  1448.16416471
0.02374  1448.09344706
0.02376  1448.02272941
0.02378  1447.95201176
0.0238  1447.88129412
0.02382  1447.81057647
0.02384  1447.73985882
0.02386  1447.66914118
0.02388  1447.59842353
0.0239  1447.52770588
0.02392  1447.45698824
0.02394  1447.38627059
0.02396  1447.31555294
0.02398  1447.24483529
0.024  1447.17411765
0.02402  1447.1034
0.02404  1447.03268235
0.02406  1446.96196471
0.02408  1446.89124706
0.0241  1446.82052941
0.02412  1446.74981176
0.02414  1446.67909412
0.02416  1446.60837647
0.02418  1446.53765882
0.0242  1446.46694118
0.02422  1446.39622353
0.02424  1446.32550588
0.02426  1446.25478824
0.02428  1446.18407059
0.0243  1446.11335294
0.02432  1446.04263529
0.02434  1445.97191765
0.02436  1445.9012
0.02438  1445.83048235
0.0244  1445.75976471
0.02442  1445.68904706
0.02444  1445.61832941
0.02446  1445.54761176
0.02448  1445.47689412
0.0245  1445.40617647
0.02452  1445.33545882
0.02454  1445.26474118
0.02456  1445.19402353
0.02458  1445.12330588
0.0246  1445.05258824
0.02462  1444.98187059
0.02464  1444.91115294
0.02466  1444.84043529
0.02468  1444.76971765
0.0247  1444.699
0.02472  1444.62828235
0.02474  1444.55756471
0.02476  1444.48684706
0.02478  1444.41612941
0.0248  1444.34541176
0.02482  1444.27469412
0.02484  1444.20397647
0.02486  1444.13325882
0.02488  1444.06254118
0.0249  1443.99182353
0.02492  1443.92110588
0.02494  1443.85038824
0.02496  1443.77967059
0.02498  1443.70895294
0.025  1443.63823529
0.02502  1443.56751765
0.02504  1443.4968
0.02506  1443.42608235
0.02508  1443.35536471
0.0251  1443.28464706
0.02512  1443.21392941
0.02514  1443.14321176
0.02516  1443.07249412
0.02518  1443.00177647
0.0252  1442.93105882
0.02522  1442.86034118
0.02524  1442.78962353
0.02526  1442.71890588
0.02528  1442.64818824
0.0253  1442.57747059
0.02532  1442.50675294
0.02534  1442.43603529
0.02536  1442.36531765
0.02538  1442.2946
0.0254  1442.22388235
0.02542  1442.15316471
0.02544  1442.08244706
0.02546  1442.01172941
0.02548  1441.94101176
0.0255  1441.87029412
0.02552  1441.79957647
0.02554  1441.72885882
0.02556  1441.65814118
0.02558  1441.58742353
0.0256  1441.51670588
0.02562  1441.44598824
0.02564  1441.37527059
0.02566  1441.30455294
0.02568  1441.23383529
0.0257  1441.16311765
0.02572  1441.0924
0.02574  1441.02168235
0.02576  1440.95096471
0.02578  1440.88024706
0.0258  1440.80952941
0.02582  1440.73881176
0.02584  1440.66809412
0.02586  1440.59737647
0.02588  1440.52665882
0.0259  1440.45594118
0.02592  1440.38522353
0.02594  1440.31450588
0.02596  1440.24378824
0.02598  1440.17307059
0.026  1440.10235294
0.02602  1440.03163529
0.02604  1439.96091765
0.02606  1439.8902
0.02608  1439.81948235
0.0261  1439.74876471
0.02612  1439.67804706
0.02614  1439.60732941
0.02616  1439.53661176
0.02618  1439.46589412
0.0262  1439.39517647
0.02622  1439.32445882
0.02624  1439.25374118
0.02626  1439.18302353
0.02628  1439.11230588
0.0263  1439.04158824
0.02632  1438.97087059
0.02634  1438.90015294
0.02636  1438.82943529
0.02638  1438.75871765
0.0264  1438.688
0.02642  1438.61728235
0.02644  1438.54656471
0.02646  1438.47584706
0.02648  1438.40512941
0.0265  1438.33441176
0.02652  1438.26369412
0.02654  1438.19297647
0.02656  1438.12225882
0.02658  1438.05154118
0.0266  1437.98082353
0.02662  1437.91010588
0.02664  1437.83938824
0.02666  1437.76867059
0.02668  1437.69795294
0.0267  1437.62723529
0.02672  1437.55651765
0.02674  1437.4858
0.02676  1437.41508235
0.02678  1437.34436471
0.0268  1437.27364706
0.02682  1437.20292941
0.02684  1437.13221176
0.02686  1437.06149412
0.02688  1436.99077647
0.0269  1436.92005882
0.02692  1436.84934118
0.02694  1436.77862353
0.02696  1436.70790588
0.02698  1436.63718824
0.027  1436.56647059
0.02702  1436.49575294
0.02704  1436.42503529
0.02706  1436.35431765
0.02708  1436.2836
0.0271  1436.21288235
0.02712  1436.14216471
0.02714  1436.07144706
0.02716  1436.00072941
0.02718  1435.93001176
0.0272  1435.85929412
0.02722  1435.78857647
0.02724  1435.71785882
0.02726  1435.64714118
0.02728  1435.57642353
0.0273  1435.50570588
0.02732  1435.43498824
0.02734  1435.36427059
0.02736  1435.29355294
0.02738  1435.22283529
0.0274  1435.15211765
0.02742  1435.0814
0.02744  1435.01068235
0.02746  1434.93996471
0.02748  1434.86924706
0.0275  1434.79852941
0.02752  1434.72781176
0.02754  1434.65709412
0.02756  1434.58637647
0.02758  1434.51565882
0.0276  1434.44494118
0.02762  1434.37422353
0.02764  1434.30350588
0.02766  1434.23278824
0.02768  1434.16207059
0.0277  1434.09135294
0.02772  1434.02063529
0.02774  1433.94991765
0.02776  1433.8792
0.02778  1433.80848235
0.0278  1433.73776471
0.02782  1433.66704706
0.02784  1433.59632941
0.02786  1433.52561176
0.02788  1433.45489412
0.0279  1433.38417647
0.02792  1433.31345882
0.02794  1433.24274118
0.02796  1433.17202353
0.02798  1433.10130588
0.028  1433.03058824
0.02802  1432.95987059
0.02804  1432.88915294
0.02806  1432.81843529
0.02808  1432.74771765
0.0281  1432.677
0.02812  1432.60628235
0.02814  1432.53556471
0.02816  1432.46484706
0.02818  1432.39412941
0.0282  1432.32341176
0.02822  1432.25269412
0.02824  1432.18197647
0.02826  1432.11125882
0.02828  1432.04054118
0.0283  1431.96982353
0.02832  1431.89910588
0.02834  1431.82838824
0.02836  1431.75767059
0.02838  1431.68695294
0.0284  1431.61623529
0.02842  1431.54551765
0.02844  1431.4748
0.02846  1431.40408235
0.02848  1431.33336471
0.0285  1431.26264706
0.02852  1431.19192941
0.02854  1431.12121176
0.02856  1431.05049412
0.02858  1430.97977647
0.0286  1430.90905882
0.02862  1430.83834118
0.02864  1430.76762353
0.02866  1430.69690588
0.02868  1430.62618824
0.0287  1430.55547059
0.02872  1430.48475294
0.02874  1430.41403529
0.02876  1430.34331765
0.02878  1430.2726
0.0288  1430.20188235
0.02882  1430.13116471
0.02884  1430.06044706
0.02886  1429.98972941
0.02888  1429.91901176
0.0289  1429.84829412
0.02892  1429.77757647
0.02894  1429.70685882
0.02896  1429.63614118
0.02898  1429.56542353
0.029  1429.49470588
0.02902  1429.42398824
0.02904  1429.35327059
0.02906  1429.28255294
0.02908  1429.21183529
0.0291  1429.14111765
0.02912  1429.0704
0.02914  1428.99968235
0.02916  1428.92896471
0.02918  1428.85824706
0.0292  1428.78752941
0.02922  1428.71681176
0.02924  1428.64609412
0.02926  1428.57537647
0.02928  1428.50465882
0.0293  1428.43394118
0.02932  1428.36322353
0.02934  1428.29250588
0.02936  1428.22178824
0.02938  1428.15107059
0.0294  1428.08035294
0.02942  1428.00963529
0.02944  1427.93891765
0.02946  1427.8682
0.02948  1427.79748235
0.0295  1427.72676471
0.02952  1427.65604706
0.02954  1427.58532941
0.02956  1427.51461176
0.02958  1427.44389412
0.0296  1427.37317647
0.02962  1427.30245882
0.02964  1427.23174118
0.02966  1427.16102353
0.02968  1427.09030588
0.0297  1427.01958824
0.02972  1426.94887059
0.02974  1426.87815294
0.02976  1426.80743529
0.02978  1426.73671765
0.0298  1426.666
0.02982  1426.59528235
0.02984  1426.52456471
0.02986  1426.45384706
0.02988  1426.38312941
0.0299  1426.31241176
0.02992  1426.24169412
0.02994  1426.17097647
0.02996  1426.10025882
0.02998  1426.02954118
0.03  1425.95882353
0.03002  1425.88810588
0.03004  1425.81738824
0.03006  1425.74667059
0.03008  1425.67595294
0.0301  1425.60523529
0.03012  1425.53451765
0.03014  1425.4638
0.03016  1425.39308235
0.03018  1425.32236471
0.0302  1425.25164706
0.03022  1425.18092941
0.03024  1425.11021176
0.03026  1425.03949412
0.03028  1424.96877647
0.0303  1424.89805882
0.03032  1424.82734118
0.03034  1424.75662353
0.03036  1424.68590588
0.03038  1424.61518824
0.0304  1424.54447059
0.03042  1424.47375294
0.03044  1424.40303529
0.03046  1424.33231765
0.03048  1424.2616
0.0305  1424.19088235
0.03052  1424.12016471
0.03054  1424.04944706
0.03056  1423.97872941
0.03058  1423.90801176
0.0306  1423.83729412
0.03062  1423.76657647
0.03064  1423.69585882
0.03066  1423.62514118
0.03068  1423.55442353
0.0307  1423.48370588
0.03072  1423.41298824
0.03074  1423.34227059
0.03076  1423.27155294
0.03078  1423.20083529
0.0308  1423.13011765
0.03082  1423.0594
0.03084  1422.98868235
0.03086  1422.91796471
0.03088  1422.84724706
0.0309  1422.77652941
0.03092  1422.70581176
0.03094  1422.63509412
0.03096  1422.56437647
0.03098  1422.49365882
0.031  1422.42294118
0.03102  1422.35222353
0.03104  1422.28150588
0.03106  1422.21078824
0.03108  1422.14007059
0.0311  1422.06935294
0.03112  1421.99863529
0.03114  1421.92791765
0.03116  1421.8572
0.03118  1421.78648235
0.0312  1421.71576471
0.03122  1421.64504706
0.03124  1421.57432941
0.03126  1421.50361176
0.03128  1421.43289412
0.0313  1421.36217647
0.03132  1421.29145882
0.03134  1421.22074118
0.03136  1421.15002353
0.03138  1421.07930588
0.0314  1421.00858824
0.03142  1420.93787059
0.03144  1420.86715294
0.03146  1420.79643529
0.03148  1420.72571765
0.0315  1420.655
0.03152  1420.58428235
0.03154  1420.51356471
0.03156  1420.44284706
0.03158  1420.37212941
0.0316  1420.30141176
0.03162  1420.23069412
0.03164  1420.15997647
0.03166  1420.08925882
0.03168  1420.01854118
0.0317  1419.94782353
0.03172  1419.87710588
0.03174  1419.80638824
0.03176  1419.73567059
0.03178  1419.66495294
0.0318  1419.59423529
0.03182  1419.52351765
0.03184  1419.4528
0.03186  1419.38208235
0.03188  1419.31136471
0.0319  1419.24064706
0.03192  1419.16992941
0.03194  1419.09921176
0.03196  1419.02849412
0.03198  1418.95777647
0.032  1418.88705882
0.03202  1418.81634118
0.03204  1418.74562353
0.03206  1418.67490588
0.03208  1418.60418824
0.0321  1418.53347059
0.03212  1418.46275294
0.03214  1418.39203529
0.03216  1418.32131765
0.03218  1418.2506
0.0322  1418.17988235
0.03222  1418.10916471
0.03224  1418.03844706
0.03226  1417.96772941
0.03228  1417.89701176
0.0323  1417.82629412
0.03232  1417.75557647
0.03234  1417.68485882
0.03236  1417.61414118
0.03238  1417.54342353
0.0324  1417.47270588
0.03242  1417.40198824
0.03244  1417.33127059
0.03246  1417.26055294
0.03248  1417.18983529
0.0325  1417.11911765
0.03252  1417.0484
0.03254  1416.97768235
0.03256  1416.90696471
0.03258  1416.83624706
0.0326  1416.76552941
0.03262  1416.69481176
0.03264  1416.62409412
0.03266  1416.55337647
0.03268  1416.48265882
0.0327  1416.41194118
0.03272  1416.34122353
0.03274  1416.27050588
0.03276  1416.19978824
0.03278  1416.12907059
0.0328  1416.05835294
0.03282  1415.98763529
0.03284  1415.91691765
0.03286  1415.8462
0.03288  1415.77548235
0.0329  1415.70476471
0.03292  1415.63404706
0.03294  1415.56332941
0.03296  1415.49261176
0.03298  1415.42189412
0.033  1415.35117647
0.03302  1415.28045882
0.03304  1415.20974118
0.03306  1415.13902353
0.03308  1415.06830588
0.0331  1414.99758824
0.03312  1414.92687059
0.03314  1414.85615294
0.03316  1414.78543529
0.03318  1414.71471765
0.0332  1414.644
0.03322  1414.57328235
0.03324  1414.50256471
0.03326  1414.43184706
0.03328  1414.36112941
0.0333  1414.29041176
0.03332  1414.21969412
0.03334  1414.14897647
0.03336  1414.07825882
0.03338  1414.00754118
0.0334  1413.93682353
0.03342  1413.86610588
0.03344  1413.79538824
0.03346  1413.72467059
0.03348  1413.65395294
0.0335  1413.58323529
0.03352  1413.51251765
0.03354  1413.4418
0.03356  1413.37108235
0.03358  1413.30036471
0.0336  1413.22964706
0.03362  1413.15892941
0.03364  1413.08821176
0.03366  1413.01749412
0.03368  1412.94677647
0.0337  1412.87605882
0.03372  1412.80534118
0.03374  1412.73462353
0.03376  1412.66390588
0.03378  1412.59318824
0.0338  1412.52247059
0.03382  1412.45175294
0.03384  1412.38103529
0.03386  1412.31031765
0.03388  1412.2396
0.0339  1412.16888235
0.03392  1412.09816471
0.03394  1412.02744706
0.03396  1411.95672941
0.03398  1411.88601176
0.034  1411.81529412
0.03402  1411.74457647
0.03404  1411.67385882
0.03406  1411.60314118
0.03408  1411.53242353
0.0341  1411.46170588
0.03412  1411.39098824
0.03414  1411.32027059
0.03416  1411.24955294
0.03418  1411.17883529
0.0342  1411.10811765
0.03422  1411.0374
0.03424  1410.96668235
0.03426  1410.89596471
0.03428  1410.82524706
0.0343  1410.75452941
0.03432  1410.68381176
0.03434  1410.61309412
0.03436  1410.54237647
0.03438  1410.47165882
0.0344  1410.40094118
0.03442  1410.33022353
0.03444  1410.25950588
0.03446  1410.18878824
0.03448  1410.11807059
0.0345  1410.04735294
0.03452  1409.97663529
0.03454  1409.90591765
0.03456  1409.8352
0.03458  1409.76448235
0.0346  1409.69376471
0.03462  1409.62304706
0.03464  1409.55232941
0.03466  1409.48161176
0.03468  1409.41089412
0.0347  1409.34017647
0.03472  1409.26945882
0.03474  1409.19874118
0.03476  1409.12802353
0.03478  1409.05730588
0.0348  1408.98658824
0.03482  1408.91587059
0.03484  1408.84515294
0.03486  1408.77443529
0.03488  1408.70371765
0.0349  1408.633
0.03492  1408.56228235
0.03494  1408.49156471
0.03496  1408.42084706
0.03498  1408.35012941
0.035  1408.27941176
0.03502  1408.20869412
0.03504  1408.13797647
0.03506  1408.06725882
0.03508  1407.99654118
0.0351  1407.92582353
0.03512  1407.85510588
0.03514  1407.78438824
0.03516  1407.71367059
0.03518  1407.64295294
0.0352  1407.57223529
0.03522  1407.50151765
0.03524  1407.4308
0.03526  1407.36008235
0.03528  1407.28936471
0.0353  1407.21864706
0.03532  1407.14792941
0.03534  1407.07721176
0.03536  1407.00649412
0.03538  1406.93577647
0.0354  1406.86505882
0.03542  1406.79434118
0.03544  1406.72362353
0.03546  1406.65290588
0.03548  1406.58218824
0.0355  1406.51147059
0.03552  1406.44075294
0.03554  1406.37003529
0.03556  1406.29931765
0.03558  1406.2286
0.0356  1406.15788235
0.03562  1406.08716471
0.03564  1406.01644706
0.03566  1405.94572941
0.03568  1405.87501176
0.0357  1405.80429412
0.03572  1405.73357647
0.03574  1405.66285882
0.03576  1405.59214118
0.03578  1405.52142353
0.0358  1405.45070588
0.03582  1405.37998824
0.03584  1405.30927059
0.03586  1405.23855294
0.03588  1405.16783529
0.0359  1405.09711765
0.03592  1405.0264
0.03594  1404.95568235
0.03596  1404.88496471
0.03598  1404.81424706
0.036  1404.74352941
0.03602  1404.67281176
0.03604  1404.60209412
0.03606  1404.53137647
0.03608  1404.46065882
0.0361  1404.38994118
0.03612  1404.31922353
0.03614  1404.24850588
0.03616  1404.17778824
0.03618  1404.10707059
0.0362  1404.03635294
0.03622  1403.96563529
0.03624  1403.89491765
0.03626  1403.8242
0.03628  1403.75348235
0.0363  1403.68276471
0.03632  1403.61204706
0.03634  1403.54132941
0.03636  1403.47061176
0.03638  1403.39989412
0.0364  1403.32917647
0.03642  1403.25845882
0.03644  1403.18774118
0.03646  1403.11702353
0.03648  1403.04630588
0.0365  1402.97558824
0.03652  1402.90487059
0.03654  1402.83415294
0.03656  1402.76343529
0.03658  1402.69271765
0.0366  1402.622
0.03662  1402.55128235
0.03664  1402.48056471
0.03666  1402.40984706
0.03668  1402.33912941
0.0367  1402.26841176
0.03672  1402.19769412
0.03674  1402.12697647
0.03676  1402.05625882
0.03678  1401.98554118
0.0368  1401.91482353
0.03682  1401.84410588
0.03684  1401.77338824
0.03686  1401.70267059
0.03688  1401.63195294
0.0369  1401.56123529
0.03692  1401.49051765
0.03694  1401.4198
0.03696  1401.34908235
0.03698  1401.27836471
0.037  1401.20764706
0.03702  1401.13692941
0.03704  1401.06621176
0.03706  1400.99549412
0.03708  1400.92477647
0.0371  1400.85405882
0.03712  1400.78334118
0.03714  1400.71262353
0.03716  1400.64190588
0.03718  1400.57118824
0.0372  1400.50047059
0.03722  1400.42975294
0.03724  1400.35903529
0.03726  1400.28831765
0.03728  1400.2176
0.0373  1400.14688235
0.03732  1400.07616471
0.03734  1400.00544706
0.03736  1399.93472941
0.03738  1399.86401176
0.0374  1399.79329412
0.03742  1399.72257647
0.03744  1399.65185882
0.03746  1399.58114118
0.03748  1399.51042353
0.0375  1399.43970588
0.03752  1399.36898824
0.03754  1399.29827059
0.03756  1399.22755294
0.03758  1399.15683529
0.0376  1399.08611765
0.03762  1399.0154
0.03764  1398.94468235
0.03766  1398.87396471
0.03768  1398.80324706
0.0377  1398.73252941
0.03772  1398.66181176
0.03774  1398.59109412
0.03776  1398.52037647
0.03778  1398.44965882
0.0378  1398.37894118
0.03782  1398.30822353
0.03784  1398.23750588
0.03786  1398.16678824
0.03788  1398.09607059
0.0379  1398.02535294
0.03792  1397.95463529
0.03794  1397.88391765
0.03796  1397.8132
0.03798  1397.74248235
0.038  1397.67176471
0.03802  1397.60104706
0.03804  1397.53032941
0.03806  1397.45961176
0.03808  1397.38889412
0.0381  1397.31817647
0.03812  1397.24745882
0.03814  1397.17674118
0.03816  1397.10602353
0.03818  1397.03530588
0.0382  1396.96458824
0.03822  1396.89387059
0.03824  1396.82315294
0.03826  1396.75243529
0.03828  1396.68171765
0.0383  1396.611
0.03832  1396.54028235
0.03834  1396.46956471
0.03836  1396.39884706
0.03838  1396.32812941
0.0384  1396.25741176
0.03842  1396.18669412
0.03844  1396.11597647
0.03846  1396.04525882
0.03848  1395.97454118
0.0385  1395.90382353
0.03852  1395.83310588
0.03854  1395.76238824
0.03856  1395.69167059
0.03858  1395.62095294
0.0386  1395.55023529
0.03862  1395.47951765
0.03864  1395.4088
0.03866  1395.33808235
0.03868  1395.26736471
0.0387  1395.19664706
0.03872  1395.12592941
0.03874  1395.05521176
0.03876  1394.98449412
0.03878  1394.91377647
0.0388  1394.84305882
0.03882  1394.77234118
0.03884  1394.70162353
0.03886  1394.63090588
0.03888  1394.56018824
0.0389  1394.48947059
0.03892  1394.41875294
0.03894  1394.34803529
0.03896  1394.27731765
0.03898  1394.2066
0.039  1394.13588235
0.03902  1394.06516471
0.03904  1393.99444706
0.03906  1393.92372941
0.03908  1393.85301176
0.0391  1393.78229412
0.03912  1393.71157647
0.03914  1393.64085882
0.03916  1393.57014118
0.03918  1393.49942353
0.0392  1393.42870588
0.03922  1393.35798824
0.03924  1393.28727059
0.03926  1393.21655294
0.03928  1393.14583529
0.0393  1393.07511765
0.03932  1393.0044
0.03934  1392.93368235
0.03936  1392.86296471
0.03938  1392.79224706
0.0394  1392.72152941
0.03942  1392.65081176
0.03944  1392.58009412
0.03946  1392.50937647
0.03948  1392.43865882
0.0395  1392.36794118
0.03952  1392.29722353
0.03954  1392.22650588
0.03956  1392.15578824
0.03958  1392.08507059
0.0396  1392.01435294
0.03962  1391.94363529
0.03964  1391.87291765
0.03966  1391.8022
0.03968  1391.73148235
0.0397  1391.66076471
0.03972  1391.59004706
0.03974  1391.51932941
0.03976  1391.44861176
0.03978  1391.37789412
0.0398  1391.30717647
0.03982  1391.23645882
0.03984  1391.16574118
0.03986  1391.09502353
0.03988  1391.02430588
0.0399  1390.95358824
0.03992  1390.88287059
0.03994  1390.81215294
0.03996  1390.74143529
0.03998  1390.67071765
0.04  1390.6
0.04002  1349.77
0.04004  1304.97
0.04006  1256.44
0.04008  1204.36
0.0401  1148.55
0.04012  1089.8
0.04014  1028.44
0.04016  965.083
0.04018  900.225
0.0402  834.94
0.04022  769.833
0.04024  705.662
0.04026  642.985
0.04028  582.912
0.0403  525.519
0.04032  471.259
0.04034  420.843
0.04036  373.949
0.04038  331.034
0.0404  291.959
0.04042  256.632
0.04044  224.897
0.04046  196.619
0.04048  171.424
0.0405  149.136
0.04052  129.455
0.04054  112.305
0.04056  97.2155
0.04058  84.0146
0.0406  72.5522
0.04062  62.5696
0.04064  53.9354
0.04066  48.8997
0.04068  45.0345
0.0407  42.1675
0.04072  40.361
0.04074  39.705
0.04076  39.0595
0.04078  39.4788
0.0408  40.5768
0.04082  42.4089
0.04084  45.5507
0.04086  48.8997
0.04088  54.5503
0.0409  61.1277
0.04092  69.2127
0.04094  79.609
0.04096  91.9536
0.04098  107.217
0.041  126.774
0.04102  147.341
0.04104  172.509
0.04106  203.437
0.04108  236.726
0.0411  273.209
0.04112  312.81
0.04114  356.605
0.04116  404.745
0.04118  453.527
0.0412  509.507
0.04122  561.143
0.04124  617.454
0.04126  664.651
0.04128  722.145
0.0413  771.641
0.04132  824
0.04134  869.431
0.04136  919.532
0.04138  959.867
0.0414  999.225
0.04142  1038.56
0.04144  1072.14
0.04146  1107.39
0.04148  1135.39
0.0415  1160.4
0.04152  1185.1
0.04154  1206.96
0.04156  1226.39
0.04158  1241.57
0.0416  1262.17
0.04162  1274.86
0.04164  1290.71
0.04166  1304.49
0.04168  1314.59
0.0417  1327.91
0.04172  1334.45
0.04174  1343.98
0.04176  1351.83
0.04178  1361.13
0.0418  1370.15
0.04182  1377.55
0.04184  1383.32
0.04186  1386.33
0.04188  1391.98
0.0419  1397.65
0.04192  1401.89
0.04194  1405.99
0.04196  1410.05
0.04198  1414.07
0.042  1418.03
0.04202  1418.03
0.04204  1420.59
0.04206  1421.96
0.04208  1428.52
0.0421  1428.52
0.04212  1431
0.04214  1432.33
0.04216  1434.78
0.04218  1433.64
0.0422  1436.09
0.04222  1438.6
0.04224  1441.1
0.04226  1439.81
0.04228  1441.1
0.0423  1441.1
0.04232  1444.76
0.04234  1443.48
0.04236  1443.48
0.04238  1443.48
0.0424  1445.94
0.04242  1445.94
0.04244  1448.38
0.04246  1448.38
0.04248  1447.2
0.0425  1449.63
0.04252  1449.63
0.04254  1447.2
0.04256  1448.38
0.04258  1448.38
0.0426  1448.38
0.04262  1449.63
0.04264  1449.63
0.04266  1449.63
0.04268  1450.71
0.0427  1448.38
0.04272  1449.63
0.04274  1448.38
0.04276  1449.63
0.04278  1449.63
0.0428  1450.71
0.04282  1449.63
0.04284  1451.95
0.04286  1451.95
0.04288  1448.38
0.0429  1451.95
0.04292  1449.63
0.04294  1450.71
0.04296  1449.63
0.04298  1448.38
0.043  1450.71
0.04302  1450.63928235
0.04304  1450.56856471
0.04306  1450.49784706
0.04308  1450.42712941
0.0431  1450.35641176
0.04312  1450.28569412
0.04314  1450.21497647
0.04316  1450.14425882
0.04318  1450.07354118
0.0432  1450.00282353
0.04322  1449.93210588
0.04324  1449.86138824
0.04326  1449.79067059
0.04328  1449.71995294
0.0433  1449.64923529
0.04332  1449.57851765
0.04334  1449.5078
0.04336  1449.43708235
0.04338  1449.36636471
0.0434  1449.29564706
0.04342  1449.22492941
0.04344  1449.15421176
0.04346  1449.08349412
0.04348  1449.01277647
0.0435  1448.94205882
0.04352  1448.87134118
0.04354  1448.80062353
0.04356  1448.72990588
0.04358  1448.65918824
0.0436  1448.58847059
0.04362  1448.51775294
0.04364  1448.44703529
0.04366  1448.37631765
0.04368  1448.3056
0.0437  1448.23488235
0.04372  1448.16416471
0.04374  1448.09344706
0.04376  1448.02272941
0.04378  1447.95201176
0.0438  1447.88129412
0.04382  1447.81057647
0.04384  1447.73985882
0.04386  1447.66914118
0.04388  1447.59842353
0.0439  1447.52770588
0.04392  1447.45698824
0.04394  1447.38627059
0.04396  1447.31555294
0.04398  1447.24483529
0.044  1447.17411765
0.04402  1447.1034
0.04404  1447.03268235
0.04406  1446.96196471
0.04408  1446.89124706
0.0441  1446.82052941
0.04412  1446.74981176
0.04414  1446.67909412
0.04416  1446.60837647
0.04418  1446.53765882
0.0442  1446.46694118
0.04422  1446.39622353
0.04424  1446.32550588
0.04426  1446.25478824
0.04428  1446.18407059
0.0443  1446.11335294
0.04432  1446.04263529
0.04434  1445.97191765
0.04436  1445.9012
0.04438  1445.83048235
0.0444  1445.75976471
0.04442  1445.68904706
0.04444  1445.61832941
0.04446  1445.54761176
0.04448  1445.47689412
0.0445  1445.40617647
0.04452  1445.33545882
0.04454  1445.26474118
0.04456  1445.19402353
0.04458  1445.12330588
0.0446  1445.05258824
0.04462  1444.98187059
0.04464  1444.91115294
0.04466  1444.84043529
0.04468  1444.76971765
0.0447  1444.699
0.04472  1444.62828235
0.04474  1444.55756471
0.04476  1444.48684706
0.04478  1444.41612941
0.0448  1444.34541176
0.04482  1444.27469412
0.04484  1444.20397647
0.04486  1444.13325882
0.04488  1444.06254118
0.0449  1443.99182353
0.04492  1443.92110588
0.04494  1443.85038824
0.04496  1443.77967059
0.04498  1443.70895294
0.045  1443.63823529
0.04502  1443.56751765
0.04504  1443.4968
0.04506  1443.42608235
0.04508  1443.35536471
0.0451  1443.28464706
0.04512  1443.21392941
0.04514  1443.14321176
0.04516  1443.07249412
0.04518  1443.00177647
0.0452  1442.93105882
0.04522  1442.86034118
0.04524  1442.78962353
0.04526  1442.71890588
0.04528  1442.64818824
0.0453  1442.57747059
0.04532  1442.50675294
0.04534  1442.43603529
0.04536  1442.36531765
0.04538  1442.2946
0.0454  1442.22388235
0.04542  1442.15316471
0.04544  1442.08244706
0.04546  1442.01172941
0.04548  1441.94101176
0.0455  1441.87029412
0.04552  1441.79957647
0.04554  1441.72885882
0.04556  1441.65814118
0.04558  1441.58742353
0.0456  1441.51670588
0.04562  1441.44598824
0.04564  1441.37527059
0.04566  1441.30455294
0.04568  1441.23383529
0.0457  1441.16311765
0.04572  1441.0924
0.04574  1441.02168235
0.04576  1440.95096471
0.04578  1440.88024706
0.0458  1440.80952941
0.04582  1440.73881176
0.04584  1440.66809412
0.04586  1440.59737647
0.04588  1440.52665882
0.0459  1440.45594118
0.04592  1440.38522353
0.04594  1440.31450588
0.04596  1440.24378824
0.04598  1440.17307059
0.046  1440.10235294
0.04602  1440.03163529
0.04604  1439.96091765
0.04606  1439.8902
0.04608  1439.81948235
0.0461  1439.74876471
0.04612  1439.67804706
0.04614  1439.60732941
0.04616  1439.53661176
0.04618  1439.46589412
0.0462  1439.39517647
0.04622  1439.32445882
0.04624  1439.25374118
0.04626  1439.18302353
0.04628  1439.11230588
0.0463  1439.04158824
0.04632  1438.97087059
0.04634  1438.90015294
0.04636  1438.82943529
0.04638  1438.75871765
0.0464  1438.688
0.04642  1438.61728235
0.04644  1438.54656471
0.04646  1438.47584706
0.04648  1438.40512941
0.0465  1438.33441176
0.04652  1438.26369412
0.04654  1438.19297647
0.04656  1438.12225882
0.04658  1438.05154118
0.0466  1437.98082353
0.04662  1437.91010588
0.04664  1437.83938824
0.04666  1437.76867059
0.04668  1437.69795294
0.0467  1437.62723529
0.04672  1437.55651765
0.04674  1437.4858
0.04676  1437.41508235
0.04678  1437.34436471
0.0468  1437.27364706
0.04682  1437.20292941
0.04684  1437.13221176
0.04686  1437.06149412
0.04688  1436.99077647
0.0469  1436.92005882
0.04692  1436.84934118
0.04694  1436.77862353
0.04696  1436.70790588
0.04698  1436.63718824
0.047  1436.56647059
0.04702  1436.49575294
0.04704  1436.42503529
0.04706  1436.35431765
0.04708  1436.2836
0.0471  1436.21288235
0.04712  1436.14216471
0.04714  1436.07144706
0.04716  1436.00072941
0.04718  1435.93001176
0.0472  1435.85929412
0.04722  1435.78857647
0.04724  1435.71785882
0.04726  1435.64714118
0.04728  1435.57642353
0.0473  1435.50570588
0.04732  1435.43498824
0.04734  1435.36427059
0.04736  1435.29355294
0.04738  1435.22283529
0.0474  1435.15211765
0.04742  1435.0814
0.04744  1435.01068235
0.04746  1434.93996471
0.04748  1434.86924706
0.0475  1434.79852941
0.04752  1434.72781176
0.04754  1434.65709412
0.04756  1434.58637647
0.04758  1434.51565882
0.0476  1434.44494118
0.04762  1434.37422353
0.04764  1434.30350588
0.04766  1434.23278824
0.04768  1434.16207059
0.0477  1434.09135294
0.04772  1434.02063529
0.04774  1433.94991765
0.04776  1433.8792
0.04778  1433.80848235
0.0478  1433.73776471
0.04782  1433.66704706
0.04784  1433.59632941
0.04786  1433.52561176
0.04788  1433.45489412
0.0479  1433.38417647
0.04792  1433.31345882
0.04794  1433.24274118
0.04796  1433.17202353
0.04798  1433.10130588
0.048  1433.03058824
0.04802  1432.95987059
0.04804  1432.88915294
0.04806  1432.81843529
0.04808  1432.74771765
0.0481  1432.677
0.04812  1432.60628235
0.04814  1432.53556471
0.04816  1432.46484706
0.04818  1432.39412941
0.0482  1432.32341176
0.04822  1432.25269412
0.04824  1432.18197647
0.04826  1432.11125882
0.04828  1432.04054118
0.0483  1431.96982353
0.04832  1431.89910588
0.04834  1431.82838824
0.04836  1431.75767059
0.04838  1431.68695294
0.0484  1431.61623529
0.04842  1431.54551765
0.04844  1431.4748
0.04846  1431.40408235
0.04848  1431.33336471
0.0485  1431.26264706
0.04852  1431.19192941
0.04854  1431.12121176
0.04856  1431.05049412
0.04858  1430.97977647
0.0486  1430.90905882
0.04862  1430.83834118
0.04864  1430.76762353
0.04866  1430.69690588
0.04868  1430.62618824
0.0487  1430.55547059
0.04872  1430.48475294
0.04874  1430.41403529
0.04876  1430.34331765
0.04878  1430.2726
0.0488  1430.20188235
0.04882  1430.13116471
0.04884  1430.06044706
0.04886  1429.98972941
0.04888  1429.91901176
0.0489  1429.84829412
0.04892  1429.77757647
0.04894  1429.70685882
0.04896  1429.63614118
0.04898  1429.56542353
0.049  1429.49470588
0.04902  1429.42398824
0.04904  1429.35327059
0.04906  1429.28255294
0.04908  1429.21183529
0.0491  1429.14111765
0.04912  1429.0704
0.04914  1428.99968235
0.04916  1428.92896471
0.04918  1428.85824706
0.0492  1428.78752941
0.04922  1428.71681176
0.04924  1428.64609412
0.04926  1428.57537647
0.04928  1428.50465882
0.0493  1428.43394118
0.04932  1428.36322353
0.04934  1428.29250588
0.04936  1428.22178824
0.04938  1428.15107059
0.0494  1428.08035294
0.04942  1428.00963529
0.04944  1427.93891765
0.04946  1427.8682
0.04948  1427.79748235
0.0495  1427.72676471
0.04952  1427.65604706
0.04954  1427.58532941
0.04956  1427.51461176
0.04958  1427.44389412
0.0496  1427.37317647
0.04962  1427.30245882
0.04964  1427.23174118
0.04966  1427.16102353
0.04968  1427.09030588
0.0497  1427.01958824
0.04972  1426.94887059
0.04974  1426.87815294
0.04976  1426.80743529
0.04978  1426.73671765
0.0498  1426.666
0.04982  1426.59528235
0.04984  1426.52456471
0.04986  1426.45384706
0.04988  1426.38312941
0.0499  1426.31241176
0.04992  1426.24169412
0.04994  1426.17097647
0.04996  1426.10025882
0.04998  1426.02954118
0.05  1425.95882353
0.05002  1425.88810588
0.05004  1425.81738824
0.05006  1425.74667059
0.05008  1425.67595294
0.0501  1425.60523529
0.05012  1425.53451765
0.05014  1425.4638
0.05016  1425.39308235
0.05018  1425.32236471
0.0502  1425.25164706
0.05022  1425.18092941
0.05024  1425.11021176
0.05026  1425.03949412
0.05028  1424.96877647
0.0503  1424.89805882
0.05032  1424.82734118
0.05034  1424.75662353
0.05036  1424.68590588
0.05038  1424.61518824
0.0504  1424.54447059
0.05042  1424.47375294
0.05044  1424.40303529
0.05046  1424.33231765
0.05048  1424.2616
0.0505  1424.19088235
0.05052  1424.12016471
0.05054  1424.04944706
0.05056  1423.97872941
0.05058  1423.90801176
0.0506  1423.83729412
0.05062  1423.76657647
0.05064  1423.69585882
0.05066  1423.62514118
0.05068  1423.55442353
0.0507  1423.48370588
0.05072  1423.41298824
0.05074  1423.34227059
0.05076  1423.27155294
0.05078  1423.20083529
0.0508  1423.13011765
0.05082  1423.0594
0.05084  1422.98868235
0.05086  1422.91796471
0.05088  1422.84724706
0.0509  1422.77652941
0.05092  1422.70581176
0.05094  1422.63509412
0.05096  1422.56437647
0.05098  1422.49365882
0.051  1422.42294118
0.05102  1422.35222353
0.05104  1422.28150588
0.05106  1422.21078824
0.05108  1422.14007059
0.0511  1422.06935294
0.05112  1421.99863529
0.05114  1421.92791765
0.05116  1421.8572
0.05118  1421.78648235
0.0512  1421.71576471
0.05122  1421.64504706
0.05124  1421.57432941
0.05126  1421.50361176
0.05128  1421.43289412
0.0513  1421.36217647
0.05132  1421.29145882
0.05134  1421.22074118
0.05136  1421.15002353
0.05138  1421.07930588
0.0514  1421.00858824
0.05142  1420.93787059
0.05144  1420.86715294
0.05146  1420.79643529
0.05148  1420.72571765
0.0515  1420.655
0.05152  1420.58428235
0.05154  1420.51356471
0.05156  1420.44284706
0.05158  1420.37212941
0.0516  1420.30141176
0.05162  1420.23069412
0.05164  1420.15997647
0.05166  1420.08925882
0.05168  1420.01854118
0.0517  1419.94782353
0.05172  1419.87710588
0.05174  1419.80638824
0.05176  1419.73567059
0.05178  1419.66495294
0.0518  1419.59423529
0.05182  1419.52351765
0.05184  1419.4528
0.05186  1419.38208235
0.05188  1419.31136471
0.0519  1419.24064706
0.05192  1419.16992941
0.05194  1419.09921176
0.05196  1419.02849412
0.05198  1418.95777647
0.052  1418.88705882
0.05202  1418.81634118
0.05204  1418.74562353
0.05206  1418.67490588
0.05208  1418.60418824
0.0521  1418.53347059
0.05212  1418.46275294
0.05214  1418.39203529
0.05216  1418.32131765
0.05218  1418.2506
0.0522  1418.17988235
0.05222  1418.10916471
0.05224  1418.03844706
0.05226  1417.96772941
0.05228  1417.89701176
0.0523  1417.82629412
0.05232  1417.75557647
0.05234  1417.68485882
0.05236  1417.61414118
0.05238  1417.54342353
0.0524  1417.47270588
0.05242  1417.40198824
0.05244  1417.33127059
0.05246  1417.26055294
0.05248  1417.18983529
0.0525  1417.11911765
0.05252  1417.0484
0.05254  1416.97768235
0.05256  1416.90696471
0.05258  1416.83624706
0.0526  1416.76552941
0.05262  1416.69481176
0.05264  1416.62409412
0.05266  1416.55337647
0.05268  1416.48265882
0.0527  1416.41194118
0.05272  1416.34122353
0.05274  1416.27050588
0.05276  1416.19978824
0.05278  1416.12907059
0.0528  1416.05835294
0.05282  1415.98763529
0.05284  1415.91691765
0.05286  1415.8462
0.05288  1415.77548235
0.0529  1415.70476471
0.05292  1415.63404706
0.05294  1415.56332941
0.05296  1415.49261176
0.05298  1415.42189412
0.053  1415.35117647
0.05302  1415.28045882
0.05304  1415.20974118
0.05306  1415.13902353
0.05308  1415.06830588
0.0531  1414.99758824
0.05312  1414.92687059
0.05314  1414.85615294
0.05316  1414.78543529
0.05318  1414.71471765
0.0532  1414.644
0.05322  1414.57328235
0.05324  1414.50256471
0.05326  1414.43184706
0.05328  1414.36112941
0.0533  1414.29041176
0.05332  1414.21969412
0.05334  1414.14897647
0.05336  1414.07825882
0.05338  1414.00754118
0.0534  1413.93682353
0.05342  1413.86610588
0.05344  1413.79538824
0.05346  1413.72467059
0.05348  1413.65395294
0.0535  1413.58323529
0.05352  1413.51251765
0.05354  1413.4418
0.05356  1413.37108235
0.05358  1413.30036471
0.0536  1413.22964706
0.05362  1413.15892941
0.05364  1413.08821176
0.05366  1413.01749412
0.05368  1412.94677647
0.0537  1412.87605882
0.05372  1412.80534118
0.05374  1412.73462353
0.05376  1412.66390588
0.05378  1412.59318824
0.0538  1412.52247059
0.05382  1412.45175294
0.05384  1412.38103529
0.05386  1412.31031765
0.05388  1412.2396
0.0539  1412.16888235
0.05392  1412.09816471
0.05394  1412.02744706
0.05396  1411.95672941
0.05398  1411.88601176
0.054  1411.81529412
0.05402  1411.74457647
0.05404  1411.67385882
0.05406  1411.60314118
0.05408  1411.53242353
0.0541  1411.46170588
0.05412  1411.39098824
0.05414  1411.32027059
0.05416  1411.24955294
0.05418  1411.17883529
0.0542  1411.10811765
0.05422  1411.0374
0.05424  1410.96668235
0.05426  1410.89596471
0.05428  1410.82524706
0.0543  1410.75452941
0.05432  1410.68381176
0.05434  1410.61309412
0.05436  1410.54237647
0.05438  1410.47165882
0.0544  1410.40094118
0.05442  1410.33022353
0.05444  1410.25950588
0.05446  1410.18878824
0.05448  1410.11807059
0.0545  1410.04735294
0.05452  1409.97663529
0.05454  1409.90591765
0.05456  1409.8352
0.05458  1409.76448235
0.0546  1409.69376471
0.05462  1409.62304706
0.05464  1409.55232941
0.05466  1409.48161176
0.05468  1409.41089412
0.0547  1409.34017647
0.05472  1409.26945882
0.05474  1409.19874118
0.05476  1409.12802353
0.05478  1409.05730588
0.0548  1408.98658824
0.05482  1408.91587059
0.05484  1408.84515294
0.05486  1408.77443529
0.05488  1408.70371765
0.0549  1408.633
0.05492  1408.56228235
0.05494  1408.49156471
0.05496  1408.42084706
0.05498  1408.35012941
0.055  1408.27941176
0.05502  1408.20869412
0.05504  1408.13797647
0.05506  1408.06725882
0.05508  1407.99654118
0.0551  1407.92582353
0.05512  1407.85510588
0.05514  1407.78438824
0.05516  1407.71367059
0.05518  1407.64295294
0.0552  1407.57223529
0.05522  1407.50151765
0.05524  1407.4308
0.05526  1407.36008235
0.05528  1407.28936471
0.0553  1407.21864706
0.05532  1407.14792941
0.05534  1407.07721176
0.05536  1407.00649412
0.05538  1406.93577647
0.0554  1406.86505882
0.05542  1406.79434118
0.05544  1406.72362353
0.05546  1406.65290588
0.05548  1406.58218824
0.0555  1406.51147059
0.05552  1406.44075294
0.05554  1406.37003529
0.05556  1406.29931765
0.05558  1406.2286
0.0556  1406.15788235
0.05562  1406.08716471
0.05564  1406.01644706
0.05566  1405.94572941
0.05568  1405.87501176
0.0557  1405.80429412
0.05572  1405.73357647
0.05574  1405.66285882
0.05576  1405.59214118
0.05578  1405.52142353
0.0558  1405.45070588
0.05582  1405.37998824
0.05584  1405.30927059
0.05586  1405.23855294
0.05588  1405.16783529
0.0559  1405.09711765
0.05592  1405.0264
0.05594  1404.95568235
0.05596  1404.88496471
0.05598  1404.81424706
0.056  1404.74352941
0.05602  1404.67281176
0.05604  1404.60209412
0.05606  1404.53137647
0.05608  1404.46065882
0.0561  1404.38994118
0.05612  1404.31922353
0.05614  1404.24850588
0.05616  1404.17778824
0.05618  1404.10707059
0.0562  1404.03635294
0.05622  1403.96563529
0.05624  1403.89491765
0.05626  1403.8242
0.05628  1403.75348235
0.0563  1403.68276471
0.05632  1403.61204706
0.05634  1403.54132941
0.05636  1403.47061176
0.05638  1403.39989412
0.0564  1403.32917647
0.05642  1403.25845882
0.05644  1403.18774118
0.05646  1403.11702353
0.05648  1403.04630588
0.0565  1402.97558824
0.05652  1402.90487059
0.05654  1402.83415294
0.05656  1402.76343529
0.05658  1402.69271765
0.0566  1402.622
0.05662  1402.55128235
0.05664  1402.48056471
0.05666  1402.40984706
0.05668  1402.33912941
0.0567  1402.26841176
0.05672  1402.19769412
0.05674  1402.12697647
0.05676  1402.05625882
0.05678  1401.98554118
0.0568  1401.91482353
0.05682  1401.84410588
0.05684  1401.77338824
0.05686  1401.70267059
0.05688  1401.63195294
0.0569  1401.56123529
0.05692  1401.49051765
0.05694  1401.4198
0.05696  1401.34908235
0.05698  1401.27836471
0.057  1401.20764706
0.05702  1401.13692941
0.05704  1401.06621176
0.05706  1400.99549412
0.05708  1400.92477647
0.0571  1400.85405882
0.05712  1400.78334118
0.05714  1400.71262353
0.05716  1400.64190588
0.05718  1400.57118824
0.0572  1400.50047059
0.05722  1400.42975294
0.05724  1400.35903529
0.05726  1400.28831765
0.05728  1400.2176
0.0573  1400.14688235
0.05732  1400.07616471
0.05734  1400.00544706
0.05736  1399.93472941
0.05738  1399.86401176
0.0574  1399.79329412
0.05742  1399.72257647
0.05744  1399.65185882
0.05746  1399.58114118
0.05748  1399.51042353
0.0575  1399.43970588
0.05752  1399.36898824
0.05754  1399.29827059
0.05756  1399.22755294
0.05758  1399.15683529
0.0576  1399.08611765
0.05762  1399.0154
0.05764  1398.94468235
0.05766  1398.87396471
0.05768  1398.80324706
0.0577  1398.73252941
0.05772  1398.66181176
0.05774  1398.59109412
0.05776  1398.52037647
0.05778  1398.44965882
0.0578  1398.37894118
0.05782  1398.30822353
0.05784  1398.23750588
0.05786  1398.16678824
0.05788  1398.09607059
0.0579  1398.02535294
0.05792  1397.95463529
0.05794  1397.88391765
0.05796  1397.8132
0.05798  1397.74248235
0.058  1397.67176471
0.05802  1397.60104706
0.05804  1397.53032941
0.05806  1397.45961176
0.05808  1397.38889412
0.0581  1397.31817647
0.05812  1397.24745882
0.05814  1397.17674118
0.05816  1397.10602353
0.05818  1397.03530588
0.0582  1396.96458824
0.05822  1396.89387059
0.05824  1396.82315294
0.05826  1396.75243529
0.05828  1396.68171765
0.0583  1396.611
0.05832  1396.54028235
0.05834  1396.46956471
0.05836  1396.39884706
0.05838  1396.32812941
0.0584  1396.25741176
0.05842  1396.18669412
0.05844  1396.11597647
0.05846  1396.04525882
0.05848  1395.97454118
0.0585  1395.90382353
0.05852  1395.83310588
0.05854  1395.76238824
0.05856  1395.69167059
0.05858  1395.62095294
0.0586  1395.55023529
0.05862  1395.47951765
0.05864  1395.4088
0.05866  1395.33808235
0.05868  1395.26736471
0.0587  1395.19664706
0.05872  1395.12592941
0.05874  1395.05521176
0.05876  1394.98449412
0.05878  1394.91377647
0.0588  1394.84305882
0.05882  1394.77234118
0.05884  1394.70162353
0.05886  1394.63090588
0.05888  1394.56018824
0.0589  1394.48947059
0.05892  1394.41875294
0.05894  1394.34803529
0.05896  1394.27731765
0.05898  1394.2066
0.059  1394.13588235
0.05902  1394.06516471
0.05904  1393.99444706
0.05906  1393.92372941
0.05908  1393.85301176
0.0591  1393.78229412
0.05912  1393.71157647
0.05914  1393.64085882
0.05916  1393.57014118
0.05918  1393.49942353
0.0592  1393.42870588
0.05922  1393.35798824
0.05924  1393.28727059
0.05926  1393.21655294
0.05928  1393.14583529
0.0593  1393.07511765
0.05932  1393.0044
0.05934  1392.93368235
0.05936  1392.86296471
0.05938  1392.79224706
0.0594  1392.72152941
0.05942  1392.65081176
0.05944  1392.58009412
0.05946  1392.50937647
0.05948  1392.43865882
0.0595  1392.36794118
0.05952  1392.29722353
0.05954  1392.22650588
0.05956  1392.15578824
0.05958  1392.08507059
0.0596  1392.01435294
0.05962  1391.94363529
0.05964  1391.87291765
0.05966  1391.8022
0.05968  1391.73148235
0.0597  1391.66076471
0.05972  1391.59004706
0.05974  1391.51932941
0.05976  1391.44861176
0.05978  1391.37789412
0.0598  1391.30717647
0.05982  1391.23645882
0.05984  1391.16574118
0.05986  1391.09502353
0.05988  1391.02430588
0.0599  1390.95358824
0.05992  1390.88287059
0.05994  1390.81215294
0.05996  1390.74143529
0.05998  1390.67071765
0.06  1390.6
0.06002  1349.77
0.06004  1304.97
0.06006  1256.44
0.06008  1204.36
0.0601  1148.55
0.06012  1089.8
0.06014  1028.44
0.06016  965.083
0.06018  900.225
0.0602  834.94
0.06022  769.833
0.06024  705.662
0.06026  642.985
0.06028  582.912
0.0603  525.519
0.06032  471.259
0.06034  420.843
0.06036  373.949
0.06038  331.034
0.0604  291.959
0.06042  256.632
0.06044  224.897
0.06046  196.619
0.06048  171.424
0.0605  149.136
0.06052  129.455
0.06054  112.305
0.06056  97.2155
0.06058  84.0146
0.0606  72.5522
0.06062  62.5696
0.06064  53.9354
0.06066  48.8997
0.06068  45.0345
0.0607  42.1675
0.06072  40.361
0.06074  39.705
0.06076  39.0595
0.06078  39.4788
0.0608  40.5768
0.06082  42.4089
0.06084  45.5507
0.06086  48.8997
0.06088  54.5503
0.0609  61.1277
0.06092  69.2127
0.06094  79.609
0.06096  91.9536
0.06098  107.217
0.061  126.774
0.06102  147.341
0.06104  172.509
0.06106  203.437
0.06108  236.726
0.0611  273.209
0.06112  312.81
0.06114  356.605
0.06116  404.745
0.06118  453.527
0.0612  509.507
0.06122  561.143
0.06124  617.454
0.06126  664.651
0.06128  722.145
0.0613  771.641
0.06132  824
0.06134  869.431
0.06136  919.532
0.06138  959.867
0.0614  999.225
0.06142  1038.56
0.06144  1072.14
0.06146  1107.39
0.06148  1135.39
0.0615  1160.4
0.06152  1185.1
0.06154  1206.96
0.06156  1226.39
0.06158  1241.57
0.0616  1262.17
0.06162  1274.86
0.06164  1290.71
0.06166  1304.49
0.06168  1314.59
0.0617  1327.91
0.06172  1334.45
0.06174  1343.98
0.06176  1351.83
0.06178  1361.13
0.0618  1370.15
0.06182  1377.55
0.06184  1383.32
0.06186  1386.33
0.06188  1391.98
0.0619  1397.65
0.06192  1401.89
0.06194  1405.99
0.06196  1410.05
0.06198  1414.07
0.062  1418.03
0.06202  1418.03
0.06204  1420.59
0.06206  1421.96
0.06208  1428.52
0.0621  1428.52
0.06212  1431
0.06214  1432.33
0.06216  1434.78
0.06218  1433.64
0.0622  1436.09
0.06222  1438.6
0.06224  1441.1
0.06226  1439.81
0.06228  1441.1
0.0623  1441.1
0.06232  1444.76
0.06234  1443.48
0.06236  1443.48
0.06238  1443.48
0.0624  1445.94
0.06242  1445.94
0.06244  1448.38
0.06246  1448.38
0.06248  1447.2
0.0625  1449.63
0.06252  1449.63
0.06254  1447.2
0.06256  1448.38
0.06258  1448.38
0.0626  1448.38
0.06262  1449.63
0.06264  1449.63
0.06266  1449.63
0.06268  1450.71
0.0627  1448.38
0.06272  1449.63
0.06274  1448.38
0.06276  1449.63
0.06278  1449.63
0.0628  1450.71
0.06282  1449.63
0.06284  1451.95
0.06286  1451.95
0.06288  1448.38
0.0629  1451.95
0.06292  1449.63
0.06294  1450.71
0.06296  1449.63
0.06298  1448.38
0.063  1450.71
