0.000000  15.669270
0.000020  18.744510
0.000040  22.433520
0.000060  26.836140
0.000080  32.088300
0.000100  38.403600
0.000120  45.940500
0.000140  54.957000
0.000160  65.742900
0.000180  78.681300
0.000200  94.123200
0.000220  112.596000
0.000240  134.694000
0.000260  161.202300
0.000280  192.752100
0.000300  230.581800
0.000320  275.961300
0.000340  329.970000
0.000360  394.911000
0.000380  472.416000
0.000400  565.131000
0.000420  676.044000
0.000440  808.722000
0.000460  967.002000
0.000480  1156.785000
0.000500  1383.816000
0.000520  1656.156000
0.000540  1979.388000
0.000560  2367.864000
0.000580  2833.869000
0.000600  3390.030000
0.000620  4057.230000
0.000640  4853.490000
0.000660  5460.270000
0.000680  6026.670000
0.000700  6520.020000
0.000720  6870.120000
0.000740  7005.810000
0.000760  7144.170000
0.000780  7053.750000
0.000800  6826.530000
0.000820  6475.710000
0.000840  5944.980000
0.000860  5460.270000
0.000880  4787.700000
0.000900  4173.270000
0.000920  3590.010000
0.000940  3027.060000
0.000960  2536.191000
0.000980  2097.096000
0.001000  1700.427000
0.001020  1405.380000
0.001040  1147.353000
0.001060  924.426000
0.001080  754.701000
0.001100  620.076000
0.001120  512.484000
0.001140  423.756000
0.001160  350.388000
0.001180  293.436300
0.001200  242.852400
0.001220  206.079000
0.001240  173.764500
0.001260  151.395300
0.001280  128.587800
0.001300  112.034400
0.001320  96.991800
0.001340  85.627500
0.001360  74.603700
0.001380  66.706800
0.001400  59.727000
0.001420  53.380500
0.001440  48.407400
0.001460  43.579800
0.001480  40.008300
0.001500  36.997800
0.001520  34.182600
0.001540  31.812300
0.001560  29.795700
0.001580  28.277340
0.001600  26.292600
0.001620  25.112100
0.001640  23.681190
0.001660  22.474260
0.001680  21.612240
0.001700  20.501580
0.001720  19.967820
0.001740  19.201830
0.001760  18.583230
0.001780  17.862210
0.001800  17.176980
0.001820  16.623630
0.001840  16.198230
0.001860  15.978750
0.001880  15.569730
0.001900  15.164400
0.001920  14.864010
0.001940  14.576130
0.001960  14.293800
0.001980  14.016960
0.002000  13.745460
0.002020  13.745460
0.002040  13.571580
0.002060  13.479330
0.002080  13.039080
0.002100  13.039080
0.002120  12.874110
0.002140  12.786510
0.002160  12.624750
0.002180  12.699600
0.002200  12.538950
0.002220  12.374610
0.002240  12.212490
0.002260  12.296100
0.002280  12.212490
0.002300  12.212490
0.002320  11.975970
0.002340  12.057930
0.002360  12.057930
0.002380  12.057930
0.002400  11.899980
0.002420  11.899980
0.002440  11.744010
0.002460  11.744010
0.002480  11.819010
0.002500  11.664180
0.002520  11.664180
0.002540  11.819010
0.002560  11.744010
0.002580  11.744010
0.002600  11.744010
0.002620  11.664180
0.002640  11.664180
0.002660  11.664180
0.002680  11.595360
0.002700  11.744010
0.002720  11.664180
0.002740  11.744010
0.002760  11.664180
0.002780  11.664180
0.002800  11.595360
0.002820  11.664180
0.002840  11.516550
0.002860  11.516550
0.002880  11.744010
0.002900  11.516550
0.002920  11.664180
0.002940  11.595360
0.002960  11.664180
0.002980  11.744010
0.003000  11.595360
0.00302  11.6001528353
0.00304  11.6049456706
0.00306  11.6097385059
0.00308  11.6145313412
0.0031  11.6193241765
0.00312  11.6241170118
0.00314  11.6289098471
0.00316  11.6337026824
0.00318  11.6384955176
0.0032  11.6432883529
0.00322  11.6480811882
0.00324  11.6528740235
0.00326  11.6576668588
0.00328  11.6624596941
0.0033  11.6672525294
0.00332  11.6720453647
0.00334  11.6768382
0.00336  11.6816310353
0.00338  11.6864238706
0.0034  11.6912167059
0.00342  11.6960095412
0.00344  11.7008023765
0.00346  11.7055952118
0.00348  11.7103880471
0.0035  11.7151808824
0.00352  11.7199737176
0.00354  11.7247665529
0.00356  11.7295593882
0.00358  11.7343522235
0.0036  11.7391450588
0.00362  11.7439378941
0.00364  11.7487307294
0.00366  11.7535235647
0.00368  11.7583164
0.0037  11.7631092353
0.00372  11.7679020706
0.00374  11.7726949059
0.00376  11.7774877412
0.00378  11.7822805765
0.0038  11.7870734118
0.00382  11.7918662471
0.00384  11.7966590824
0.00386  11.8014519176
0.00388  11.8062447529
0.0039  11.8110375882
0.00392  11.8158304235
0.00394  11.8206232588
0.00396  11.8254160941
0.00398  11.8302089294
0.004  11.8350017647
0.00402  11.8397946
0.00404  11.8445874353
0.00406  11.8493802706
0.00408  11.8541731059
0.0041  11.8589659412
0.00412  11.8637587765
0.00414  11.8685516118
0.00416  11.8733444471
0.00418  11.8781372824
0.0042  11.8829301176
0.00422  11.8877229529
0.00424  11.8925157882
0.00426  11.8973086235
0.00428  11.9021014588
0.0043  11.9068942941
0.00432  11.9116871294
0.00434  11.9164799647
0.00436  11.9212728
0.00438  11.9260656353
0.0044  11.9308584706
0.00442  11.9356513059
0.00444  11.9404441412
0.00446  11.9452369765
0.00448  11.9500298118
0.0045  11.9548226471
0.00452  11.9596154824
0.00454  11.9644083176
0.00456  11.9692011529
0.00458  11.9739939882
0.0046  11.9787868235
0.00462  11.9835796588
0.00464  11.9883724941
0.00466  11.9931653294
0.00468  11.9979581647
0.0047  12.002751
0.00472  12.0075438353
0.00474  12.0123366706
0.00476  12.0171295059
0.00478  12.0219223412
0.0048  12.0267151765
0.00482  12.0315080118
0.00484  12.0363008471
0.00486  12.0410936824
0.00488  12.0458865176
0.0049  12.0506793529
0.00492  12.0554721882
0.00494  12.0602650235
0.00496  12.0650578588
0.00498  12.0698506941
0.005  12.0746435294
0.00502  12.0794363647
0.00504  12.0842292
0.00506  12.0890220353
0.00508  12.0938148706
0.0051  12.0986077059
0.00512  12.1034005412
0.00514  12.1081933765
0.00516  12.1129862118
0.00518  12.1177790471
0.0052  12.1225718824
0.00522  12.1273647176
0.00524  12.1321575529
0.00526  12.1369503882
0.00528  12.1417432235
0.0053  12.1465360588
0.00532  12.1513288941
0.00534  12.1561217294
0.00536  12.1609145647
0.00538  12.1657074
0.0054  12.1705002353
0.00542  12.1752930706
0.00544  12.1800859059
0.00546  12.1848787412
0.00548  12.1896715765
0.0055  12.1944644118
0.00552  12.1992572471
0.00554  12.2040500824
0.00556  12.2088429176
0.00558  12.2136357529
0.0056  12.2184285882
0.00562  12.2232214235
0.00564  12.2280142588
0.00566  12.2328070941
0.00568  12.2375999294
0.0057  12.2423927647
0.00572  12.2471856
0.00574  12.2519784353
0.00576  12.2567712706
0.00578  12.2615641059
0.0058  12.2663569412
0.00582  12.2711497765
0.00584  12.2759426118
0.00586  12.2807354471
0.00588  12.2855282824
0.0059  12.2903211176
0.00592  12.2951139529
0.00594  12.2999067882
0.00596  12.3046996235
0.00598  12.3094924588
0.006  12.3142852941
0.00602  12.3190781294
0.00604  12.3238709647
0.00606  12.3286638
0.00608  12.3334566353
0.0061  12.3382494706
0.00612  12.3430423059
0.00614  12.3478351412
0.00616  12.3526279765
0.00618  12.3574208118
0.0062  12.3622136471
0.00622  12.3670064824
0.00624  12.3717993176
0.00626  12.3765921529
0.00628  12.3813849882
0.0063  12.3861778235
0.00632  12.3909706588
0.00634  12.3957634941
0.00636  12.4005563294
0.00638  12.4053491647
0.0064  12.410142
0.00642  12.4149348353
0.00644  12.4197276706
0.00646  12.4245205059
0.00648  12.4293133412
0.0065  12.4341061765
0.00652  12.4388990118
0.00654  12.4436918471
0.00656  12.4484846824
0.00658  12.4532775176
0.0066  12.4580703529
0.00662  12.4628631882
0.00664  12.4676560235
0.00666  12.4724488588
0.00668  12.4772416941
0.0067  12.4820345294
0.00672  12.4868273647
0.00674  12.4916202
0.00676  12.4964130353
0.00678  12.5012058706
0.0068  12.5059987059
0.00682  12.5107915412
0.00684  12.5155843765
0.00686  12.5203772118
0.00688  12.5251700471
0.0069  12.5299628824
0.00692  12.5347557176
0.00694  12.5395485529
0.00696  12.5443413882
0.00698  12.5491342235
0.007  12.5539270588
0.00702  12.5587198941
0.00704  12.5635127294
0.00706  12.5683055647
0.00708  12.5730984
0.0071  12.5778912353
0.00712  12.5826840706
0.00714  12.5874769059
0.00716  12.5922697412
0.00718  12.5970625765
0.0072  12.6018554118
0.00722  12.6066482471
0.00724  12.6114410824
0.00726  12.6162339176
0.00728  12.6210267529
0.0073  12.6258195882
0.00732  12.6306124235
0.00734  12.6354052588
0.00736  12.6401980941
0.00738  12.6449909294
0.0074  12.6497837647
0.00742  12.6545766
0.00744  12.6593694353
0.00746  12.6641622706
0.00748  12.6689551059
0.0075  12.6737479412
0.00752  12.6785407765
0.00754  12.6833336118
0.00756  12.6881264471
0.00758  12.6929192824
0.0076  12.6977121176
0.00762  12.7025049529
0.00764  12.7072977882
0.00766  12.7120906235
0.00768  12.7168834588
0.0077  12.7216762941
0.00772  12.7264691294
0.00774  12.7312619647
0.00776  12.7360548
0.00778  12.7408476353
0.0078  12.7456404706
0.00782  12.7504333059
0.00784  12.7552261412
0.00786  12.7600189765
0.00788  12.7648118118
0.0079  12.7696046471
0.00792  12.7743974824
0.00794  12.7791903176
0.00796  12.7839831529
0.00798  12.7887759882
0.008  12.7935688235
0.00802  12.7983616588
0.00804  12.8031544941
0.00806  12.8079473294
0.00808  12.8127401647
0.0081  12.817533
0.00812  12.8223258353
0.00814  12.8271186706
0.00816  12.8319115059
0.00818  12.8367043412
0.0082  12.8414971765
0.00822  12.8462900118
0.00824  12.8510828471
0.00826  12.8558756824
0.00828  12.8606685176
0.0083  12.8654613529
0.00832  12.8702541882
0.00834  12.8750470235
0.00836  12.8798398588
0.00838  12.8846326941
0.0084  12.8894255294
0.00842  12.8942183647
0.00844  12.8990112
0.00846  12.9038040353
0.00848  12.9085968706
0.0085  12.9133897059
0.00852  12.9181825412
0.00854  12.9229753765
0.00856  12.9277682118
0.00858  12.9325610471
0.0086  12.9373538824
0.00862  12.9421467176
0.00864  12.9469395529
0.00866  12.9517323882
0.00868  12.9565252235
0.0087  12.9613180588
0.00872  12.9661108941
0.00874  12.9709037294
0.00876  12.9756965647
0.00878  12.9804894
0.0088  12.9852822353
0.00882  12.9900750706
0.00884  12.9948679059
0.00886  12.9996607412
0.00888  13.0044535765
0.0089  13.0092464118
0.00892  13.0140392471
0.00894  13.0188320824
0.00896  13.0236249176
0.00898  13.0284177529
0.009  13.0332105882
0.00902  13.0380034235
0.00904  13.0427962588
0.00906  13.0475890941
0.00908  13.0523819294
0.0091  13.0571747647
0.00912  13.0619676
0.00914  13.0667604353
0.00916  13.0715532706
0.00918  13.0763461059
0.0092  13.0811389412
0.00922  13.0859317765
0.00924  13.0907246118
0.00926  13.0955174471
0.00928  13.1003102824
0.0093  13.1051031176
0.00932  13.1098959529
0.00934  13.1146887882
0.00936  13.1194816235
0.00938  13.1242744588
0.0094  13.1290672941
0.00942  13.1338601294
0.00944  13.1386529647
0.00946  13.1434458
0.00948  13.1482386353
0.0095  13.1530314706
0.00952  13.1578243059
0.00954  13.1626171412
0.00956  13.1674099765
0.00958  13.1722028118
0.0096  13.1769956471
0.00962  13.1817884824
0.00964  13.1865813176
0.00966  13.1913741529
0.00968  13.1961669882
0.0097  13.2009598235
0.00972  13.2057526588
0.00974  13.2105454941
0.00976  13.2153383294
0.00978  13.2201311647
0.0098  13.224924
0.00982  13.2297168353
0.00984  13.2345096706
0.00986  13.2393025059
0.00988  13.2440953412
0.0099  13.2488881765
0.00992  13.2536810118
0.00994  13.2584738471
0.00996  13.2632666824
0.00998  13.2680595176
0.01  13.2728523529
0.01002  13.2776451882
0.01004  13.2824380235
0.01006  13.2872308588
0.01008  13.2920236941
0.0101  13.2968165294
0.01012  13.3016093647
0.01014  13.3064022
0.01016  13.3111950353
0.01018  13.3159878706
0.0102  13.3207807059
0.01022  13.3255735412
0.01024  13.3303663765
0.01026  13.3351592118
0.01028  13.3399520471
0.0103  13.3447448824
0.01032  13.3495377176
0.01034  13.3543305529
0.01036  13.3591233882
0.01038  13.3639162235
0.0104  13.3687090588
0.01042  13.3735018941
0.01044  13.3782947294
0.01046  13.3830875647
0.01048  13.3878804
0.0105  13.3926732353
0.01052  13.3974660706
0.01054  13.4022589059
0.01056  13.4070517412
0.01058  13.4118445765
0.0106  13.4166374118
0.01062  13.4214302471
0.01064  13.4262230824
0.01066  13.4310159176
0.01068  13.4358087529
0.0107  13.4406015882
0.01072  13.4453944235
0.01074  13.4501872588
0.01076  13.4549800941
0.01078  13.4597729294
0.0108  13.4645657647
0.01082  13.4693586
0.01084  13.4741514353
0.01086  13.4789442706
0.01088  13.4837371059
0.0109  13.4885299412
0.01092  13.4933227765
0.01094  13.4981156118
0.01096  13.5029084471
0.01098  13.5077012824
0.011  13.5124941176
0.01102  13.5172869529
0.01104  13.5220797882
0.01106  13.5268726235
0.01108  13.5316654588
0.0111  13.5364582941
0.01112  13.5412511294
0.01114  13.5460439647
0.01116  13.5508368
0.01118  13.5556296353
0.0112  13.5604224706
0.01122  13.5652153059
0.01124  13.5700081412
0.01126  13.5748009765
0.01128  13.5795938118
0.0113  13.5843866471
0.01132  13.5891794824
0.01134  13.5939723176
0.01136  13.5987651529
0.01138  13.6035579882
0.0114  13.6083508235
0.01142  13.6131436588
0.01144  13.6179364941
0.01146  13.6227293294
0.01148  13.6275221647
0.0115  13.632315
0.01152  13.6371078353
0.01154  13.6419006706
0.01156  13.6466935059
0.01158  13.6514863412
0.0116  13.6562791765
0.01162  13.6610720118
0.01164  13.6658648471
0.01166  13.6706576824
0.01168  13.6754505176
0.0117  13.6802433529
0.01172  13.6850361882
0.01174  13.6898290235
0.01176  13.6946218588
0.01178  13.6994146941
0.0118  13.7042075294
0.01182  13.7090003647
0.01184  13.7137932
0.01186  13.7185860353
0.01188  13.7233788706
0.0119  13.7281717059
0.01192  13.7329645412
0.01194  13.7377573765
0.01196  13.7425502118
0.01198  13.7473430471
0.012  13.7521358824
0.01202  13.7569287176
0.01204  13.7617215529
0.01206  13.7665143882
0.01208  13.7713072235
0.0121  13.7761000588
0.01212  13.7808928941
0.01214  13.7856857294
0.01216  13.7904785647
0.01218  13.7952714
0.0122  13.8000642353
0.01222  13.8048570706
0.01224  13.8096499059
0.01226  13.8144427412
0.01228  13.8192355765
0.0123  13.8240284118
0.01232  13.8288212471
0.01234  13.8336140824
0.01236  13.8384069176
0.01238  13.8431997529
0.0124  13.8479925882
0.01242  13.8527854235
0.01244  13.8575782588
0.01246  13.8623710941
0.01248  13.8671639294
0.0125  13.8719567647
0.01252  13.8767496
0.01254  13.8815424353
0.01256  13.8863352706
0.01258  13.8911281059
0.0126  13.8959209412
0.01262  13.9007137765
0.01264  13.9055066118
0.01266  13.9102994471
0.01268  13.9150922824
0.0127  13.9198851176
0.01272  13.9246779529
0.01274  13.9294707882
0.01276  13.9342636235
0.01278  13.9390564588
0.0128  13.9438492941
0.01282  13.9486421294
0.01284  13.9534349647
0.01286  13.9582278
0.01288  13.9630206353
0.0129  13.9678134706
0.01292  13.9726063059
0.01294  13.9773991412
0.01296  13.9821919765
0.01298  13.9869848118
0.013  13.9917776471
0.01302  13.9965704824
0.01304  14.0013633176
0.01306  14.0061561529
0.01308  14.0109489882
0.0131  14.0157418235
0.01312  14.0205346588
0.01314  14.0253274941
0.01316  14.0301203294
0.01318  14.0349131647
0.0132  14.039706
0.01322  14.0444988353
0.01324  14.0492916706
0.01326  14.0540845059
0.01328  14.0588773412
0.0133  14.0636701765
0.01332  14.0684630118
0.01334  14.0732558471
0.01336  14.0780486824
0.01338  14.0828415176
0.0134  14.0876343529
0.01342  14.0924271882
0.01344  14.0972200235
0.01346  14.1020128588
0.01348  14.1068056941
0.0135  14.1115985294
0.01352  14.1163913647
0.01354  14.1211842
0.01356  14.1259770353
0.01358  14.1307698706
0.0136  14.1355627059
0.01362  14.1403555412
0.01364  14.1451483765
0.01366  14.1499412118
0.01368  14.1547340471
0.0137  14.1595268824
0.01372  14.1643197176
0.01374  14.1691125529
0.01376  14.1739053882
0.01378  14.1786982235
0.0138  14.1834910588
0.01382  14.1882838941
0.01384  14.1930767294
0.01386  14.1978695647
0.01388  14.2026624
0.0139  14.2074552353
0.01392  14.2122480706
0.01394  14.2170409059
0.01396  14.2218337412
0.01398  14.2266265765
0.014  14.2314194118
0.01402  14.2362122471
0.01404  14.2410050824
0.01406  14.2457979176
0.01408  14.2505907529
0.0141  14.2553835882
0.01412  14.2601764235
0.01414  14.2649692588
0.01416  14.2697620941
0.01418  14.2745549294
0.0142  14.2793477647
0.01422  14.2841406
0.01424  14.2889334353
0.01426  14.2937262706
0.01428  14.2985191059
0.0143  14.3033119412
0.01432  14.3081047765
0.01434  14.3128976118
0.01436  14.3176904471
0.01438  14.3224832824
0.0144  14.3272761176
0.01442  14.3320689529
0.01444  14.3368617882
0.01446  14.3416546235
0.01448  14.3464474588
0.0145  14.3512402941
0.01452  14.3560331294
0.01454  14.3608259647
0.01456  14.3656188
0.01458  14.3704116353
0.0146  14.3752044706
0.01462  14.3799973059
0.01464  14.3847901412
0.01466  14.3895829765
0.01468  14.3943758118
0.0147  14.3991686471
0.01472  14.4039614824
0.01474  14.4087543176
0.01476  14.4135471529
0.01478  14.4183399882
0.0148  14.4231328235
0.01482  14.4279256588
0.01484  14.4327184941
0.01486  14.4375113294
0.01488  14.4423041647
0.0149  14.447097
0.01492  14.4518898353
0.01494  14.4566826706
0.01496  14.4614755059
0.01498  14.4662683412
0.015  14.4710611765
0.01502  14.4758540118
0.01504  14.4806468471
0.01506  14.4854396824
0.01508  14.4902325176
0.0151  14.4950253529
0.01512  14.4998181882
0.01514  14.5046110235
0.01516  14.5094038588
0.01518  14.5141966941
0.0152  14.5189895294
0.01522  14.5237823647
0.01524  14.5285752
0.01526  14.5333680353
0.01528  14.5381608706
0.0153  14.5429537059
0.01532  14.5477465412
0.01534  14.5525393765
0.01536  14.5573322118
0.01538  14.5621250471
0.0154  14.5669178824
0.01542  14.5717107176
0.01544  14.5765035529
0.01546  14.5812963882
0.01548  14.5860892235
0.0155  14.5908820588
0.01552  14.5956748941
0.01554  14.6004677294
0.01556  14.6052605647
0.01558  14.6100534
0.0156  14.6148462353
0.01562  14.6196390706
0.01564  14.6244319059
0.01566  14.6292247412
0.01568  14.6340175765
0.0157  14.6388104118
0.01572  14.6436032471
0.01574  14.6483960824
0.01576  14.6531889176
0.01578  14.6579817529
0.0158  14.6627745882
0.01582  14.6675674235
0.01584  14.6723602588
0.01586  14.6771530941
0.01588  14.6819459294
0.0159  14.6867387647
0.01592  14.6915316
0.01594  14.6963244353
0.01596  14.7011172706
0.01598  14.7059101059
0.016  14.7107029412
0.01602  14.7154957765
0.01604  14.7202886118
0.01606  14.7250814471
0.01608  14.7298742824
0.0161  14.7346671176
0.01612  14.7394599529
0.01614  14.7442527882
0.01616  14.7490456235
0.01618  14.7538384588
0.0162  14.7586312941
0.01622  14.7634241294
0.01624  14.7682169647
0.01626  14.7730098
0.01628  14.7778026353
0.0163  14.7825954706
0.01632  14.7873883059
0.01634  14.7921811412
0.01636  14.7969739765
0.01638  14.8017668118
0.0164  14.8065596471
0.01642  14.8113524824
0.01644  14.8161453176
0.01646  14.8209381529
0.01648  14.8257309882
0.0165  14.8305238235
0.01652  14.8353166588
0.01654  14.8401094941
0.01656  14.8449023294
0.01658  14.8496951647
0.0166  14.854488
0.01662  14.8592808353
0.01664  14.8640736706
0.01666  14.8688665059
0.01668  14.8736593412
0.0167  14.8784521765
0.01672  14.8832450118
0.01674  14.8880378471
0.01676  14.8928306824
0.01678  14.8976235176
0.0168  14.9024163529
0.01682  14.9072091882
0.01684  14.9120020235
0.01686  14.9167948588
0.01688  14.9215876941
0.0169  14.9263805294
0.01692  14.9311733647
0.01694  14.9359662
0.01696  14.9407590353
0.01698  14.9455518706
0.017  14.9503447059
0.01702  14.9551375412
0.01704  14.9599303765
0.01706  14.9647232118
0.01708  14.9695160471
0.0171  14.9743088824
0.01712  14.9791017176
0.01714  14.9838945529
0.01716  14.9886873882
0.01718  14.9934802235
0.0172  14.9982730588
0.01722  15.0030658941
0.01724  15.0078587294
0.01726  15.0126515647
0.01728  15.0174444
0.0173  15.0222372353
0.01732  15.0270300706
0.01734  15.0318229059
0.01736  15.0366157412
0.01738  15.0414085765
0.0174  15.0462014118
0.01742  15.0509942471
0.01744  15.0557870824
0.01746  15.0605799176
0.01748  15.0653727529
0.0175  15.0701655882
0.01752  15.0749584235
0.01754  15.0797512588
0.01756  15.0845440941
0.01758  15.0893369294
0.0176  15.0941297647
0.01762  15.0989226
0.01764  15.1037154353
0.01766  15.1085082706
0.01768  15.1133011059
0.0177  15.1180939412
0.01772  15.1228867765
0.01774  15.1276796118
0.01776  15.1324724471
0.01778  15.1372652824
0.0178  15.1420581176
0.01782  15.1468509529
0.01784  15.1516437882
0.01786  15.1564366235
0.01788  15.1612294588
0.0179  15.1660222941
0.01792  15.1708151294
0.01794  15.1756079647
0.01796  15.1804008
0.01798  15.1851936353
0.018  15.1899864706
0.01802  15.1947793059
0.01804  15.1995721412
0.01806  15.2043649765
0.01808  15.2091578118
0.0181  15.2139506471
0.01812  15.2187434824
0.01814  15.2235363176
0.01816  15.2283291529
0.01818  15.2331219882
0.0182  15.2379148235
0.01822  15.2427076588
0.01824  15.2475004941
0.01826  15.2522933294
0.01828  15.2570861647
0.0183  15.261879
0.01832  15.2666718353
0.01834  15.2714646706
0.01836  15.2762575059
0.01838  15.2810503412
0.0184  15.2858431765
0.01842  15.2906360118
0.01844  15.2954288471
0.01846  15.3002216824
0.01848  15.3050145176
0.0185  15.3098073529
0.01852  15.3146001882
0.01854  15.3193930235
0.01856  15.3241858588
0.01858  15.3289786941
0.0186  15.3337715294
0.01862  15.3385643647
0.01864  15.3433572
0.01866  15.3481500353
0.01868  15.3529428706
0.0187  15.3577357059
0.01872  15.3625285412
0.01874  15.3673213765
0.01876  15.3721142118
0.01878  15.3769070471
0.0188  15.3816998824
0.01882  15.3864927176
0.01884  15.3912855529
0.01886  15.3960783882
0.01888  15.4008712235
0.0189  15.4056640588
0.01892  15.4104568941
0.01894  15.4152497294
0.01896  15.4200425647
0.01898  15.4248354
0.019  15.4296282353
0.01902  15.4344210706
0.01904  15.4392139059
0.01906  15.4440067412
0.01908  15.4487995765
0.0191  15.4535924118
0.01912  15.4583852471
0.01914  15.4631780824
0.01916  15.4679709176
0.01918  15.4727637529
0.0192  15.4775565882
0.01922  15.4823494235
0.01924  15.4871422588
0.01926  15.4919350941
0.01928  15.4967279294
0.0193  15.5015207647
0.01932  15.5063136
0.01934  15.5111064353
0.01936  15.5158992706
0.01938  15.5206921059
0.0194  15.5254849412
0.01942  15.5302777765
0.01944  15.5350706118
0.01946  15.5398634471
0.01948  15.5446562824
0.0195  15.5494491176
0.01952  15.5542419529
0.01954  15.5590347882
0.01956  15.5638276235
0.01958  15.5686204588
0.0196  15.5734132941
0.01962  15.5782061294
0.01964  15.5829989647
0.01966  15.5877918
0.01968  15.5925846353
0.0197  15.5973774706
0.01972  15.6021703059
0.01974  15.6069631412
0.01976  15.6117559765
0.01978  15.6165488118
0.0198  15.6213416471
0.01982  15.6261344824
0.01984  15.6309273176
0.01986  15.6357201529
0.01988  15.6405129882
0.0199  15.6453058235
0.01992  15.6500986588
0.01994  15.6548914941
0.01996  15.6596843294
0.01998  15.6644771647
0.02  15.669270
0.02002  18.744510
0.02004  22.433520
0.02006  26.836140
0.02008  32.088300
0.0201  38.403600
0.02012  45.940500
0.02014  54.957000
0.02016  65.742900
0.02018  78.681300
0.0202  94.123200
0.02022  112.596000
0.02024  134.694000
0.02026  161.202300
0.02028  192.752100
0.0203  230.581800
0.02032  275.961300
0.02034  329.970000
0.02036  394.911000
0.02038  472.416000
0.0204  565.131000
0.02042  676.044000
0.02044  808.722000
0.02046  967.002000
0.02048  1156.785000
0.0205  1383.816000
0.02052  1656.156000
0.02054  1979.388000
0.02056  2367.864000
0.02058  2833.869000
0.0206  3390.030000
0.02062  4057.230000
0.02064  4853.490000
0.02066  5460.270000
0.02068  6026.670000
0.0207  6520.020000
0.02072  6870.120000
0.02074  7005.810000
0.02076  7144.170000
0.02078  7053.750000
0.0208  6826.530000
0.02082  6475.710000
0.02084  5944.980000
0.02086  5460.270000
0.02088  4787.700000
0.0209  4173.270000
0.02092  3590.010000
0.02094  3027.060000
0.02096  2536.191000
0.02098  2097.096000
0.021  1700.427000
0.02102  1405.380000
0.02104  1147.353000
0.02106  924.426000
0.02108  754.701000
0.0211  620.076000
0.02112  512.484000
0.02114  423.756000
0.02116  350.388000
0.02118  293.436300
0.0212  242.852400
0.02122  206.079000
0.02124  173.764500
0.02126  151.395300
0.02128  128.587800
0.0213  112.034400
0.02132  96.991800
0.02134  85.627500
0.02136  74.603700
0.02138  66.706800
0.0214  59.727000
0.02142  53.380500
0.02144  48.407400
0.02146  43.579800
0.02148  40.008300
0.0215  36.997800
0.02152  34.182600
0.02154  31.812300
0.02156  29.795700
0.02158  28.277340
0.0216  26.292600
0.02162  25.112100
0.02164  23.681190
0.02166  22.474260
0.02168  21.612240
0.0217  20.501580
0.02172  19.967820
0.02174  19.201830
0.02176  18.583230
0.02178  17.862210
0.0218  17.176980
0.02182  16.623630
0.02184  16.198230
0.02186  15.978750
0.02188  15.569730
0.0219  15.164400
0.02192  14.864010
0.02194  14.576130
0.02196  14.293800
0.02198  14.016960
0.022  13.745460
0.02202  13.745460
0.02204  13.571580
0.02206  13.479330
0.02208  13.039080
0.0221  13.039080
0.02212  12.874110
0.02214  12.786510
0.02216  12.624750
0.02218  12.699600
0.0222  12.538950
0.02222  12.374610
0.02224  12.212490
0.02226  12.296100
0.02228  12.212490
0.0223  12.212490
0.02232  11.975970
0.02234  12.057930
0.02236  12.057930
0.02238  12.057930
0.0224  11.899980
0.02242  11.899980
0.02244  11.744010
0.02246  11.744010
0.02248  11.819010
0.0225  11.664180
0.02252  11.664180
0.02254  11.819010
0.02256  11.744010
0.02258  11.744010
0.0226  11.744010
0.02262  11.664180
0.02264  11.664180
0.02266  11.664180
0.02268  11.595360
0.0227  11.744010
0.02272  11.664180
0.02274  11.744010
0.02276  11.664180
0.02278  11.664180
0.0228  11.595360
0.02282  11.664180
0.02284  11.516550
0.02286  11.516550
0.02288  11.744010
0.0229  11.516550
0.02292  11.664180
0.02294  11.595360
0.02296  11.664180
0.02298  11.744010
0.023  11.595360
0.02302  11.6001528353
0.02304  11.6049456706
0.02306  11.6097385059
0.02308  11.6145313412
0.0231  11.6193241765
0.02312  11.6241170118
0.02314  11.6289098471
0.02316  11.6337026824
0.02318  11.6384955176
0.0232  11.6432883529
0.02322  11.6480811882
0.02324  11.6528740235
0.02326  11.6576668588
0.02328  11.6624596941
0.0233  11.6672525294
0.02332  11.6720453647
0.02334  11.6768382
0.02336  11.6816310353
0.02338  11.6864238706
0.0234  11.6912167059
0.02342  11.6960095412
0.02344  11.7008023765
0.02346  11.7055952118
0.02348  11.7103880471
0.0235  11.7151808824
0.02352  11.7199737176
0.02354  11.7247665529
0.02356  11.7295593882
0.02358  11.7343522235
0.0236  11.7391450588
0.02362  11.7439378941
0.02364  11.7487307294
0.02366  11.7535235647
0.02368  11.7583164
0.0237  11.7631092353
0.02372  11.7679020706
0.02374  11.7726949059
0.02376  11.7774877412
0.02378  11.7822805765
0.0238  11.7870734118
0.02382  11.7918662471
0.02384  11.7966590824
0.02386  11.8014519176
0.02388  11.8062447529
0.0239  11.8110375882
0.02392  11.8158304235
0.02394  11.8206232588
0.02396  11.8254160941
0.02398  11.8302089294
0.024  11.8350017647
0.02402  11.8397946
0.02404  11.8445874353
0.02406  11.8493802706
0.02408  11.8541731059
0.0241  11.8589659412
0.02412  11.8637587765
0.02414  11.8685516118
0.02416  11.8733444471
0.02418  11.8781372824
0.0242  11.8829301176
0.02422  11.8877229529
0.02424  11.8925157882
0.02426  11.8973086235
0.02428  11.9021014588
0.0243  11.9068942941
0.02432  11.9116871294
0.02434  11.9164799647
0.02436  11.9212728
0.02438  11.9260656353
0.0244  11.9308584706
0.02442  11.9356513059
0.02444  11.9404441412
0.02446  11.9452369765
0.02448  11.9500298118
0.0245  11.9548226471
0.02452  11.9596154824
0.02454  11.9644083176
0.02456  11.9692011529
0.02458  11.9739939882
0.0246  11.9787868235
0.02462  11.9835796588
0.02464  11.9883724941
0.02466  11.9931653294
0.02468  11.9979581647
0.0247  12.002751
0.02472  12.0075438353
0.02474  12.0123366706
0.02476  12.0171295059
0.02478  12.0219223412
0.0248  12.0267151765
0.02482  12.0315080118
0.02484  12.0363008471
0.02486  12.0410936824
0.02488  12.0458865176
0.0249  12.0506793529
0.02492  12.0554721882
0.02494  12.0602650235
0.02496  12.0650578588
0.02498  12.0698506941
0.025  12.0746435294
0.02502  12.0794363647
0.02504  12.0842292
0.02506  12.0890220353
0.02508  12.0938148706
0.0251  12.0986077059
0.02512  12.1034005412
0.02514  12.1081933765
0.02516  12.1129862118
0.02518  12.1177790471
0.0252  12.1225718824
0.02522  12.1273647176
0.02524  12.1321575529
0.02526  12.1369503882
0.02528  12.1417432235
0.0253  12.1465360588
0.02532  12.1513288941
0.02534  12.1561217294
0.02536  12.1609145647
0.02538  12.1657074
0.0254  12.1705002353
0.02542  12.1752930706
0.02544  12.1800859059
0.02546  12.1848787412
0.02548  12.1896715765
0.0255  12.1944644118
0.02552  12.1992572471
0.02554  12.2040500824
0.02556  12.2088429176
0.02558  12.2136357529
0.0256  12.2184285882
0.02562  12.2232214235
0.02564  12.2280142588
0.02566  12.2328070941
0.02568  12.2375999294
0.0257  12.2423927647
0.02572  12.2471856
0.02574  12.2519784353
0.02576  12.2567712706
0.02578  12.2615641059
0.0258  12.2663569412
0.02582  12.2711497765
0.02584  12.2759426118
0.02586  12.2807354471
0.02588  12.2855282824
0.0259  12.2903211176
0.02592  12.2951139529
0.02594  12.2999067882
0.02596  12.3046996235
0.02598  12.3094924588
0.026  12.3142852941
0.02602  12.3190781294
0.02604  12.3238709647
0.02606  12.3286638
0.02608  12.3334566353
0.0261  12.3382494706
0.02612  12.3430423059
0.02614  12.3478351412
0.02616  12.3526279765
0.02618  12.3574208118
0.0262  12.3622136471
0.02622  12.3670064824
0.02624  12.3717993176
0.02626  12.3765921529
0.02628  12.3813849882
0.0263  12.3861778235
0.02632  12.3909706588
0.02634  12.3957634941
0.02636  12.4005563294
0.02638  12.4053491647
0.0264  12.410142
0.02642  12.4149348353
0.02644  12.4197276706
0.02646  12.4245205059
0.02648  12.4293133412
0.0265  12.4341061765
0.02652  12.4388990118
0.02654  12.4436918471
0.02656  12.4484846824
0.02658  12.4532775176
0.0266  12.4580703529
0.02662  12.4628631882
0.02664  12.4676560235
0.02666  12.4724488588
0.02668  12.4772416941
0.0267  12.4820345294
0.02672  12.4868273647
0.02674  12.4916202
0.02676  12.4964130353
0.02678  12.5012058706
0.0268  12.5059987059
0.02682  12.5107915412
0.02684  12.5155843765
0.02686  12.5203772118
0.02688  12.5251700471
0.0269  12.5299628824
0.02692  12.5347557176
0.02694  12.5395485529
0.02696  12.5443413882
0.02698  12.5491342235
0.027  12.5539270588
0.02702  12.5587198941
0.02704  12.5635127294
0.02706  12.5683055647
0.02708  12.5730984
0.0271  12.5778912353
0.02712  12.5826840706
0.02714  12.5874769059
0.02716  12.5922697412
0.02718  12.5970625765
0.0272  12.6018554118
0.02722  12.6066482471
0.02724  12.6114410824
0.02726  12.6162339176
0.02728  12.6210267529
0.0273  12.6258195882
0.02732  12.6306124235
0.02734  12.6354052588
0.02736  12.6401980941
0.02738  12.6449909294
0.0274  12.6497837647
0.02742  12.6545766
0.02744  12.6593694353
0.02746  12.6641622706
0.02748  12.6689551059
0.0275  12.6737479412
0.02752  12.6785407765
0.02754  12.6833336118
0.02756  12.6881264471
0.02758  12.6929192824
0.0276  12.6977121176
0.02762  12.7025049529
0.02764  12.7072977882
0.02766  12.7120906235
0.02768  12.7168834588
0.0277  12.7216762941
0.02772  12.7264691294
0.02774  12.7312619647
0.02776  12.7360548
0.02778  12.7408476353
0.0278  12.7456404706
0.02782  12.7504333059
0.02784  12.7552261412
0.02786  12.7600189765
0.02788  12.7648118118
0.0279  12.7696046471
0.02792  12.7743974824
0.02794  12.7791903176
0.02796  12.7839831529
0.02798  12.7887759882
0.028  12.7935688235
0.02802  12.7983616588
0.02804  12.8031544941
0.02806  12.8079473294
0.02808  12.8127401647
0.0281  12.817533
0.02812  12.8223258353
0.02814  12.8271186706
0.02816  12.8319115059
0.02818  12.8367043412
0.0282  12.8414971765
0.02822  12.8462900118
0.02824  12.8510828471
0.02826  12.8558756824
0.02828  12.8606685176
0.0283  12.8654613529
0.02832  12.8702541882
0.02834  12.8750470235
0.02836  12.8798398588
0.02838  12.8846326941
0.0284  12.8894255294
0.02842  12.8942183647
0.02844  12.8990112
0.02846  12.9038040353
0.02848  12.9085968706
0.0285  12.9133897059
0.02852  12.9181825412
0.02854  12.9229753765
0.02856  12.9277682118
0.02858  12.9325610471
0.0286  12.9373538824
0.02862  12.9421467176
0.02864  12.9469395529
0.02866  12.9517323882
0.02868  12.9565252235
0.0287  12.9613180588
0.02872  12.9661108941
0.02874  12.9709037294
0.02876  12.9756965647
0.02878  12.9804894
0.0288  12.9852822353
0.02882  12.9900750706
0.02884  12.9948679059
0.02886  12.9996607412
0.02888  13.0044535765
0.0289  13.0092464118
0.02892  13.0140392471
0.02894  13.0188320824
0.02896  13.0236249176
0.02898  13.0284177529
0.029  13.0332105882
0.02902  13.0380034235
0.02904  13.0427962588
0.02906  13.0475890941
0.02908  13.0523819294
0.0291  13.0571747647
0.02912  13.0619676
0.02914  13.0667604353
0.02916  13.0715532706
0.02918  13.0763461059
0.0292  13.0811389412
0.02922  13.0859317765
0.02924  13.0907246118
0.02926  13.0955174471
0.02928  13.1003102824
0.0293  13.1051031176
0.02932  13.1098959529
0.02934  13.1146887882
0.02936  13.1194816235
0.02938  13.1242744588
0.0294  13.1290672941
0.02942  13.1338601294
0.02944  13.1386529647
0.02946  13.1434458
0.02948  13.1482386353
0.0295  13.1530314706
0.02952  13.1578243059
0.02954  13.1626171412
0.02956  13.1674099765
0.02958  13.1722028118
0.0296  13.1769956471
0.02962  13.1817884824
0.02964  13.1865813176
0.02966  13.1913741529
0.02968  13.1961669882
0.0297  13.2009598235
0.02972  13.2057526588
0.02974  13.2105454941
0.02976  13.2153383294
0.02978  13.2201311647
0.0298  13.224924
0.02982  13.2297168353
0.02984  13.2345096706
0.02986  13.2393025059
0.02988  13.2440953412
0.0299  13.2488881765
0.02992  13.2536810118
0.02994  13.2584738471
0.02996  13.2632666824
0.02998  13.2680595176
0.03  13.2728523529
0.03002  13.2776451882
0.03004  13.2824380235
0.03006  13.2872308588
0.03008  13.2920236941
0.0301  13.2968165294
0.03012  13.3016093647
0.03014  13.3064022
0.03016  13.3111950353
0.03018  13.3159878706
0.0302  13.3207807059
0.03022  13.3255735412
0.03024  13.3303663765
0.03026  13.3351592118
0.03028  13.3399520471
0.0303  13.3447448824
0.03032  13.3495377176
0.03034  13.3543305529
0.03036  13.3591233882
0.03038  13.3639162235
0.0304  13.3687090588
0.03042  13.3735018941
0.03044  13.3782947294
0.03046  13.3830875647
0.03048  13.3878804
0.0305  13.3926732353
0.03052  13.3974660706
0.03054  13.4022589059
0.03056  13.4070517412
0.03058  13.4118445765
0.0306  13.4166374118
0.03062  13.4214302471
0.03064  13.4262230824
0.03066  13.4310159176
0.03068  13.4358087529
0.0307  13.4406015882
0.03072  13.4453944235
0.03074  13.4501872588
0.03076  13.4549800941
0.03078  13.4597729294
0.0308  13.4645657647
0.03082  13.4693586
0.03084  13.4741514353
0.03086  13.4789442706
0.03088  13.4837371059
0.0309  13.4885299412
0.03092  13.4933227765
0.03094  13.4981156118
0.03096  13.5029084471
0.03098  13.5077012824
0.031  13.5124941176
0.03102  13.5172869529
0.03104  13.5220797882
0.03106  13.5268726235
0.03108  13.5316654588
0.0311  13.5364582941
0.03112  13.5412511294
0.03114  13.5460439647
0.03116  13.5508368
0.03118  13.5556296353
0.0312  13.5604224706
0.03122  13.5652153059
0.03124  13.5700081412
0.03126  13.5748009765
0.03128  13.5795938118
0.0313  13.5843866471
0.03132  13.5891794824
0.03134  13.5939723176
0.03136  13.5987651529
0.03138  13.6035579882
0.0314  13.6083508235
0.03142  13.6131436588
0.03144  13.6179364941
0.03146  13.6227293294
0.03148  13.6275221647
0.0315  13.632315
0.03152  13.6371078353
0.03154  13.6419006706
0.03156  13.6466935059
0.03158  13.6514863412
0.0316  13.6562791765
0.03162  13.6610720118
0.03164  13.6658648471
0.03166  13.6706576824
0.03168  13.6754505176
0.0317  13.6802433529
0.03172  13.6850361882
0.03174  13.6898290235
0.03176  13.6946218588
0.03178  13.6994146941
0.0318  13.7042075294
0.03182  13.7090003647
0.03184  13.7137932
0.03186  13.7185860353
0.03188  13.7233788706
0.0319  13.7281717059
0.03192  13.7329645412
0.03194  13.7377573765
0.03196  13.7425502118
0.03198  13.7473430471
0.032  13.7521358824
0.03202  13.7569287176
0.03204  13.7617215529
0.03206  13.7665143882
0.03208  13.7713072235
0.0321  13.7761000588
0.03212  13.7808928941
0.03214  13.7856857294
0.03216  13.7904785647
0.03218  13.7952714
0.0322  13.8000642353
0.03222  13.8048570706
0.03224  13.8096499059
0.03226  13.8144427412
0.03228  13.8192355765
0.0323  13.8240284118
0.03232  13.8288212471
0.03234  13.8336140824
0.03236  13.8384069176
0.03238  13.8431997529
0.0324  13.8479925882
0.03242  13.8527854235
0.03244  13.8575782588
0.03246  13.8623710941
0.03248  13.8671639294
0.0325  13.8719567647
0.03252  13.8767496
0.03254  13.8815424353
0.03256  13.8863352706
0.03258  13.8911281059
0.0326  13.8959209412
0.03262  13.9007137765
0.03264  13.9055066118
0.03266  13.9102994471
0.03268  13.9150922824
0.0327  13.9198851176
0.03272  13.9246779529
0.03274  13.9294707882
0.03276  13.9342636235
0.03278  13.9390564588
0.0328  13.9438492941
0.03282  13.9486421294
0.03284  13.9534349647
0.03286  13.9582278
0.03288  13.9630206353
0.0329  13.9678134706
0.03292  13.9726063059
0.03294  13.9773991412
0.03296  13.9821919765
0.03298  13.9869848118
0.033  13.9917776471
0.03302  13.9965704824
0.03304  14.0013633176
0.03306  14.0061561529
0.03308  14.0109489882
0.0331  14.0157418235
0.03312  14.0205346588
0.03314  14.0253274941
0.03316  14.0301203294
0.03318  14.0349131647
0.0332  14.039706
0.03322  14.0444988353
0.03324  14.0492916706
0.03326  14.0540845059
0.03328  14.0588773412
0.0333  14.0636701765
0.03332  14.0684630118
0.03334  14.0732558471
0.03336  14.0780486824
0.03338  14.0828415176
0.0334  14.0876343529
0.03342  14.0924271882
0.03344  14.0972200235
0.03346  14.1020128588
0.03348  14.1068056941
0.0335  14.1115985294
0.03352  14.1163913647
0.03354  14.1211842
0.03356  14.1259770353
0.03358  14.1307698706
0.0336  14.1355627059
0.03362  14.1403555412
0.03364  14.1451483765
0.03366  14.1499412118
0.03368  14.1547340471
0.0337  14.1595268824
0.03372  14.1643197176
0.03374  14.1691125529
0.03376  14.1739053882
0.03378  14.1786982235
0.0338  14.1834910588
0.03382  14.1882838941
0.03384  14.1930767294
0.03386  14.1978695647
0.03388  14.2026624
0.0339  14.2074552353
0.03392  14.2122480706
0.03394  14.2170409059
0.03396  14.2218337412
0.03398  14.2266265765
0.034  14.2314194118
0.03402  14.2362122471
0.03404  14.2410050824
0.03406  14.2457979176
0.03408  14.2505907529
0.0341  14.2553835882
0.03412  14.2601764235
0.03414  14.2649692588
0.03416  14.2697620941
0.03418  14.2745549294
0.0342  14.2793477647
0.03422  14.2841406
0.03424  14.2889334353
0.03426  14.2937262706
0.03428  14.2985191059
0.0343  14.3033119412
0.03432  14.3081047765
0.03434  14.3128976118
0.03436  14.3176904471
0.03438  14.3224832824
0.0344  14.3272761176
0.03442  14.3320689529
0.03444  14.3368617882
0.03446  14.3416546235
0.03448  14.3464474588
0.0345  14.3512402941
0.03452  14.3560331294
0.03454  14.3608259647
0.03456  14.3656188
0.03458  14.3704116353
0.0346  14.3752044706
0.03462  14.3799973059
0.03464  14.3847901412
0.03466  14.3895829765
0.03468  14.3943758118
0.0347  14.3991686471
0.03472  14.4039614824
0.03474  14.4087543176
0.03476  14.4135471529
0.03478  14.4183399882
0.0348  14.4231328235
0.03482  14.4279256588
0.03484  14.4327184941
0.03486  14.4375113294
0.03488  14.4423041647
0.0349  14.447097
0.03492  14.4518898353
0.03494  14.4566826706
0.03496  14.4614755059
0.03498  14.4662683412
0.035  14.4710611765
0.03502  14.4758540118
0.03504  14.4806468471
0.03506  14.4854396824
0.03508  14.4902325176
0.0351  14.4950253529
0.03512  14.4998181882
0.03514  14.5046110235
0.03516  14.5094038588
0.03518  14.5141966941
0.0352  14.5189895294
0.03522  14.5237823647
0.03524  14.5285752
0.03526  14.5333680353
0.03528  14.5381608706
0.0353  14.5429537059
0.03532  14.5477465412
0.03534  14.5525393765
0.03536  14.5573322118
0.03538  14.5621250471
0.0354  14.5669178824
0.03542  14.5717107176
0.03544  14.5765035529
0.03546  14.5812963882
0.03548  14.5860892235
0.0355  14.5908820588
0.03552  14.5956748941
0.03554  14.6004677294
0.03556  14.6052605647
0.03558  14.6100534
0.0356  14.6148462353
0.03562  14.6196390706
0.03564  14.6244319059
0.03566  14.6292247412
0.03568  14.6340175765
0.0357  14.6388104118
0.03572  14.6436032471
0.03574  14.6483960824
0.03576  14.6531889176
0.03578  14.6579817529
0.0358  14.6627745882
0.03582  14.6675674235
0.03584  14.6723602588
0.03586  14.6771530941
0.03588  14.6819459294
0.0359  14.6867387647
0.03592  14.6915316
0.03594  14.6963244353
0.03596  14.7011172706
0.03598  14.7059101059
0.036  14.7107029412
0.03602  14.7154957765
0.03604  14.7202886118
0.03606  14.7250814471
0.03608  14.7298742824
0.0361  14.7346671176
0.03612  14.7394599529
0.03614  14.7442527882
0.03616  14.7490456235
0.03618  14.7538384588
0.0362  14.7586312941
0.03622  14.7634241294
0.03624  14.7682169647
0.03626  14.7730098
0.03628  14.7778026353
0.0363  14.7825954706
0.03632  14.7873883059
0.03634  14.7921811412
0.03636  14.7969739765
0.03638  14.8017668118
0.0364  14.8065596471
0.03642  14.8113524824
0.03644  14.8161453176
0.03646  14.8209381529
0.03648  14.8257309882
0.0365  14.8305238235
0.03652  14.8353166588
0.03654  14.8401094941
0.03656  14.8449023294
0.03658  14.8496951647
0.0366  14.854488
0.03662  14.8592808353
0.03664  14.8640736706
0.03666  14.8688665059
0.03668  14.8736593412
0.0367  14.8784521765
0.03672  14.8832450118
0.03674  14.8880378471
0.03676  14.8928306824
0.03678  14.8976235176
0.0368  14.9024163529
0.03682  14.9072091882
0.03684  14.9120020235
0.03686  14.9167948588
0.03688  14.9215876941
0.0369  14.9263805294
0.03692  14.9311733647
0.03694  14.9359662
0.03696  14.9407590353
0.03698  14.9455518706
0.037  14.9503447059
0.03702  14.9551375412
0.03704  14.9599303765
0.03706  14.9647232118
0.03708  14.9695160471
0.0371  14.9743088824
0.03712  14.9791017176
0.03714  14.9838945529
0.03716  14.9886873882
0.03718  14.9934802235
0.0372  14.9982730588
0.03722  15.0030658941
0.03724  15.0078587294
0.03726  15.0126515647
0.03728  15.0174444
0.0373  15.0222372353
0.03732  15.0270300706
0.03734  15.0318229059
0.03736  15.0366157412
0.03738  15.0414085765
0.0374  15.0462014118
0.03742  15.0509942471
0.03744  15.0557870824
0.03746  15.0605799176
0.03748  15.0653727529
0.0375  15.0701655882
0.03752  15.0749584235
0.03754  15.0797512588
0.03756  15.0845440941
0.03758  15.0893369294
0.0376  15.0941297647
0.03762  15.0989226
0.03764  15.1037154353
0.03766  15.1085082706
0.03768  15.1133011059
0.0377  15.1180939412
0.03772  15.1228867765
0.03774  15.1276796118
0.03776  15.1324724471
0.03778  15.1372652824
0.0378  15.1420581176
0.03782  15.1468509529
0.03784  15.1516437882
0.03786  15.1564366235
0.03788  15.1612294588
0.0379  15.1660222941
0.03792  15.1708151294
0.03794  15.1756079647
0.03796  15.1804008
0.03798  15.1851936353
0.038  15.1899864706
0.03802  15.1947793059
0.03804  15.1995721412
0.03806  15.2043649765
0.03808  15.2091578118
0.0381  15.2139506471
0.03812  15.2187434824
0.03814  15.2235363176
0.03816  15.2283291529
0.03818  15.2331219882
0.0382  15.2379148235
0.03822  15.2427076588
0.03824  15.2475004941
0.03826  15.2522933294
0.03828  15.2570861647
0.0383  15.261879
0.03832  15.2666718353
0.03834  15.2714646706
0.03836  15.2762575059
0.03838  15.2810503412
0.0384  15.2858431765
0.03842  15.2906360118
0.03844  15.2954288471
0.03846  15.3002216824
0.03848  15.3050145176
0.0385  15.3098073529
0.03852  15.3146001882
0.03854  15.3193930235
0.03856  15.3241858588
0.03858  15.3289786941
0.0386  15.3337715294
0.03862  15.3385643647
0.03864  15.3433572
0.03866  15.3481500353
0.03868  15.3529428706
0.0387  15.3577357059
0.03872  15.3625285412
0.03874  15.3673213765
0.03876  15.3721142118
0.03878  15.3769070471
0.0388  15.3816998824
0.03882  15.3864927176
0.03884  15.3912855529
0.03886  15.3960783882
0.03888  15.4008712235
0.0389  15.4056640588
0.03892  15.4104568941
0.03894  15.4152497294
0.03896  15.4200425647
0.03898  15.4248354
0.039  15.4296282353
0.03902  15.4344210706
0.03904  15.4392139059
0.03906  15.4440067412
0.03908  15.4487995765
0.0391  15.4535924118
0.03912  15.4583852471
0.03914  15.4631780824
0.03916  15.4679709176
0.03918  15.4727637529
0.0392  15.4775565882
0.03922  15.4823494235
0.03924  15.4871422588
0.03926  15.4919350941
0.03928  15.4967279294
0.0393  15.5015207647
0.03932  15.5063136
0.03934  15.5111064353
0.03936  15.5158992706
0.03938  15.5206921059
0.0394  15.5254849412
0.03942  15.5302777765
0.03944  15.5350706118
0.03946  15.5398634471
0.03948  15.5446562824
0.0395  15.5494491176
0.03952  15.5542419529
0.03954  15.5590347882
0.03956  15.5638276235
0.03958  15.5686204588
0.0396  15.5734132941
0.03962  15.5782061294
0.03964  15.5829989647
0.03966  15.5877918
0.03968  15.5925846353
0.0397  15.5973774706
0.03972  15.6021703059
0.03974  15.6069631412
0.03976  15.6117559765
0.03978  15.6165488118
0.0398  15.6213416471
0.03982  15.6261344824
0.03984  15.6309273176
0.03986  15.6357201529
0.03988  15.6405129882
0.0399  15.6453058235
0.03992  15.6500986588
0.03994  15.6548914941
0.03996  15.6596843294
0.03998  15.6644771647
0.04  15.669270
0.04002  18.744510
0.04004  22.433520
0.04006  26.836140
0.04008  32.088300
0.0401  38.403600
0.04012  45.940500
0.04014  54.957000
0.04016  65.742900
0.04018  78.681300
0.0402  94.123200
0.04022  112.596000
0.04024  134.694000
0.04026  161.202300
0.04028  192.752100
0.0403  230.581800
0.04032  275.961300
0.04034  329.970000
0.04036  394.911000
0.04038  472.416000
0.0404  565.131000
0.04042  676.044000
0.04044  808.722000
0.04046  967.002000
0.04048  1156.785000
0.0405  1383.816000
0.04052  1656.156000
0.04054  1979.388000
0.04056  2367.864000
0.04058  2833.869000
0.0406  3390.030000
0.04062  4057.230000
0.04064  4853.490000
0.04066  5460.270000
0.04068  6026.670000
0.0407  6520.020000
0.04072  6870.120000
0.04074  7005.810000
0.04076  7144.170000
0.04078  7053.750000
0.0408  6826.530000
0.04082  6475.710000
0.04084  5944.980000
0.04086  5460.270000
0.04088  4787.700000
0.0409  4173.270000
0.04092  3590.010000
0.04094  3027.060000
0.04096  2536.191000
0.04098  2097.096000
0.041  1700.427000
0.04102  1405.380000
0.04104  1147.353000
0.04106  924.426000
0.04108  754.701000
0.0411  620.076000
0.04112  512.484000
0.04114  423.756000
0.04116  350.388000
0.04118  293.436300
0.0412  242.852400
0.04122  206.079000
0.04124  173.764500
0.04126  151.395300
0.04128  128.587800
0.0413  112.034400
0.04132  96.991800
0.04134  85.627500
0.04136  74.603700
0.04138  66.706800
0.0414  59.727000
0.04142  53.380500
0.04144  48.407400
0.04146  43.579800
0.04148  40.008300
0.0415  36.997800
0.04152  34.182600
0.04154  31.812300
0.04156  29.795700
0.04158  28.277340
0.0416  26.292600
0.04162  25.112100
0.04164  23.681190
0.04166  22.474260
0.04168  21.612240
0.0417  20.501580
0.04172  19.967820
0.04174  19.201830
0.04176  18.583230
0.04178  17.862210
0.0418  17.176980
0.04182  16.623630
0.04184  16.198230
0.04186  15.978750
0.04188  15.569730
0.0419  15.164400
0.04192  14.864010
0.04194  14.576130
0.04196  14.293800
0.04198  14.016960
0.042  13.745460
0.04202  13.745460
0.04204  13.571580
0.04206  13.479330
0.04208  13.039080
0.0421  13.039080
0.04212  12.874110
0.04214  12.786510
0.04216  12.624750
0.04218  12.699600
0.0422  12.538950
0.04222  12.374610
0.04224  12.212490
0.04226  12.296100
0.04228  12.212490
0.0423  12.212490
0.04232  11.975970
0.04234  12.057930
0.04236  12.057930
0.04238  12.057930
0.0424  11.899980
0.04242  11.899980
0.04244  11.744010
0.04246  11.744010
0.04248  11.819010
0.0425  11.664180
0.04252  11.664180
0.04254  11.819010
0.04256  11.744010
0.04258  11.744010
0.0426  11.744010
0.04262  11.664180
0.04264  11.664180
0.04266  11.664180
0.04268  11.595360
0.0427  11.744010
0.04272  11.664180
0.04274  11.744010
0.04276  11.664180
0.04278  11.664180
0.0428  11.595360
0.04282  11.664180
0.04284  11.516550
0.04286  11.516550
0.04288  11.744010
0.0429  11.516550
0.04292  11.664180
0.04294  11.595360
0.04296  11.664180
0.04298  11.744010
0.043  11.595360
0.04302  11.6001528353
0.04304  11.6049456706
0.04306  11.6097385059
0.04308  11.6145313412
0.0431  11.6193241765
0.04312  11.6241170118
0.04314  11.6289098471
0.04316  11.6337026824
0.04318  11.6384955176
0.0432  11.6432883529
0.04322  11.6480811882
0.04324  11.6528740235
0.04326  11.6576668588
0.04328  11.6624596941
0.0433  11.6672525294
0.04332  11.6720453647
0.04334  11.6768382
0.04336  11.6816310353
0.04338  11.6864238706
0.0434  11.6912167059
0.04342  11.6960095412
0.04344  11.7008023765
0.04346  11.7055952118
0.04348  11.7103880471
0.0435  11.7151808824
0.04352  11.7199737176
0.04354  11.7247665529
0.04356  11.7295593882
0.04358  11.7343522235
0.0436  11.7391450588
0.04362  11.7439378941
0.04364  11.7487307294
0.04366  11.7535235647
0.04368  11.7583164
0.0437  11.7631092353
0.04372  11.7679020706
0.04374  11.7726949059
0.04376  11.7774877412
0.04378  11.7822805765
0.0438  11.7870734118
0.04382  11.7918662471
0.04384  11.7966590824
0.04386  11.8014519176
0.04388  11.8062447529
0.0439  11.8110375882
0.04392  11.8158304235
0.04394  11.8206232588
0.04396  11.8254160941
0.04398  11.8302089294
0.044  11.8350017647
0.04402  11.8397946
0.04404  11.8445874353
0.04406  11.8493802706
0.04408  11.8541731059
0.0441  11.8589659412
0.04412  11.8637587765
0.04414  11.8685516118
0.04416  11.8733444471
0.04418  11.8781372824
0.0442  11.8829301176
0.04422  11.8877229529
0.04424  11.8925157882
0.04426  11.8973086235
0.04428  11.9021014588
0.0443  11.9068942941
0.04432  11.9116871294
0.04434  11.9164799647
0.04436  11.9212728
0.04438  11.9260656353
0.0444  11.9308584706
0.04442  11.9356513059
0.04444  11.9404441412
0.04446  11.9452369765
0.04448  11.9500298118
0.0445  11.9548226471
0.04452  11.9596154824
0.04454  11.9644083176
0.04456  11.9692011529
0.04458  11.9739939882
0.0446  11.9787868235
0.04462  11.9835796588
0.04464  11.9883724941
0.04466  11.9931653294
0.04468  11.9979581647
0.0447  12.002751
0.04472  12.0075438353
0.04474  12.0123366706
0.04476  12.0171295059
0.04478  12.0219223412
0.0448  12.0267151765
0.04482  12.0315080118
0.04484  12.0363008471
0.04486  12.0410936824
0.04488  12.0458865176
0.0449  12.0506793529
0.04492  12.0554721882
0.04494  12.0602650235
0.04496  12.0650578588
0.04498  12.0698506941
0.045  12.0746435294
0.04502  12.0794363647
0.04504  12.0842292
0.04506  12.0890220353
0.04508  12.0938148706
0.0451  12.0986077059
0.04512  12.1034005412
0.04514  12.1081933765
0.04516  12.1129862118
0.04518  12.1177790471
0.0452  12.1225718824
0.04522  12.1273647176
0.04524  12.1321575529
0.04526  12.1369503882
0.04528  12.1417432235
0.0453  12.1465360588
0.04532  12.1513288941
0.04534  12.1561217294
0.04536  12.1609145647
0.04538  12.1657074
0.0454  12.1705002353
0.04542  12.1752930706
0.04544  12.1800859059
0.04546  12.1848787412
0.04548  12.1896715765
0.0455  12.1944644118
0.04552  12.1992572471
0.04554  12.2040500824
0.04556  12.2088429176
0.04558  12.2136357529
0.0456  12.2184285882
0.04562  12.2232214235
0.04564  12.2280142588
0.04566  12.2328070941
0.04568  12.2375999294
0.0457  12.2423927647
0.04572  12.2471856
0.04574  12.2519784353
0.04576  12.2567712706
0.04578  12.2615641059
0.0458  12.2663569412
0.04582  12.2711497765
0.04584  12.2759426118
0.04586  12.2807354471
0.04588  12.2855282824
0.0459  12.2903211176
0.04592  12.2951139529
0.04594  12.2999067882
0.04596  12.3046996235
0.04598  12.3094924588
0.046  12.3142852941
0.04602  12.3190781294
0.04604  12.3238709647
0.04606  12.3286638
0.04608  12.3334566353
0.0461  12.3382494706
0.04612  12.3430423059
0.04614  12.3478351412
0.04616  12.3526279765
0.04618  12.3574208118
0.0462  12.3622136471
0.04622  12.3670064824
0.04624  12.3717993176
0.04626  12.3765921529
0.04628  12.3813849882
0.0463  12.3861778235
0.04632  12.3909706588
0.04634  12.3957634941
0.04636  12.4005563294
0.04638  12.4053491647
0.0464  12.410142
0.04642  12.4149348353
0.04644  12.4197276706
0.04646  12.4245205059
0.04648  12.4293133412
0.0465  12.4341061765
0.04652  12.4388990118
0.04654  12.4436918471
0.04656  12.4484846824
0.04658  12.4532775176
0.0466  12.4580703529
0.04662  12.4628631882
0.04664  12.4676560235
0.04666  12.4724488588
0.04668  12.4772416941
0.0467  12.4820345294
0.04672  12.4868273647
0.04674  12.4916202
0.04676  12.4964130353
0.04678  12.5012058706
0.0468  12.5059987059
0.04682  12.5107915412
0.04684  12.5155843765
0.04686  12.5203772118
0.04688  12.5251700471
0.0469  12.5299628824
0.04692  12.5347557176
0.04694  12.5395485529
0.04696  12.5443413882
0.04698  12.5491342235
0.047  12.5539270588
0.04702  12.5587198941
0.04704  12.5635127294
0.04706  12.5683055647
0.04708  12.5730984
0.0471  12.5778912353
0.04712  12.5826840706
0.04714  12.5874769059
0.04716  12.5922697412
0.04718  12.5970625765
0.0472  12.6018554118
0.04722  12.6066482471
0.04724  12.6114410824
0.04726  12.6162339176
0.04728  12.6210267529
0.0473  12.6258195882
0.04732  12.6306124235
0.04734  12.6354052588
0.04736  12.6401980941
0.04738  12.6449909294
0.0474  12.6497837647
0.04742  12.6545766
0.04744  12.6593694353
0.04746  12.6641622706
0.04748  12.6689551059
0.0475  12.6737479412
0.04752  12.6785407765
0.04754  12.6833336118
0.04756  12.6881264471
0.04758  12.6929192824
0.0476  12.6977121176
0.04762  12.7025049529
0.04764  12.7072977882
0.04766  12.7120906235
0.04768  12.7168834588
0.0477  12.7216762941
0.04772  12.7264691294
0.04774  12.7312619647
0.04776  12.7360548
0.04778  12.7408476353
0.0478  12.7456404706
0.04782  12.7504333059
0.04784  12.7552261412
0.04786  12.7600189765
0.04788  12.7648118118
0.0479  12.7696046471
0.04792  12.7743974824
0.04794  12.7791903176
0.04796  12.7839831529
0.04798  12.7887759882
0.048  12.7935688235
0.04802  12.7983616588
0.04804  12.8031544941
0.04806  12.8079473294
0.04808  12.8127401647
0.0481  12.817533
0.04812  12.8223258353
0.04814  12.8271186706
0.04816  12.8319115059
0.04818  12.8367043412
0.0482  12.8414971765
0.04822  12.8462900118
0.04824  12.8510828471
0.04826  12.8558756824
0.04828  12.8606685176
0.0483  12.8654613529
0.04832  12.8702541882
0.04834  12.8750470235
0.04836  12.8798398588
0.04838  12.8846326941
0.0484  12.8894255294
0.04842  12.8942183647
0.04844  12.8990112
0.04846  12.9038040353
0.04848  12.9085968706
0.0485  12.9133897059
0.04852  12.9181825412
0.04854  12.9229753765
0.04856  12.9277682118
0.04858  12.9325610471
0.0486  12.9373538824
0.04862  12.9421467176
0.04864  12.9469395529
0.04866  12.9517323882
0.04868  12.9565252235
0.0487  12.9613180588
0.04872  12.9661108941
0.04874  12.9709037294
0.04876  12.9756965647
0.04878  12.9804894
0.0488  12.9852822353
0.04882  12.9900750706
0.04884  12.9948679059
0.04886  12.9996607412
0.04888  13.0044535765
0.0489  13.0092464118
0.04892  13.0140392471
0.04894  13.0188320824
0.04896  13.0236249176
0.04898  13.0284177529
0.049  13.0332105882
0.04902  13.0380034235
0.04904  13.0427962588
0.04906  13.0475890941
0.04908  13.0523819294
0.0491  13.0571747647
0.04912  13.0619676
0.04914  13.0667604353
0.04916  13.0715532706
0.04918  13.0763461059
0.0492  13.0811389412
0.04922  13.0859317765
0.04924  13.0907246118
0.04926  13.0955174471
0.04928  13.1003102824
0.0493  13.1051031176
0.04932  13.1098959529
0.04934  13.1146887882
0.04936  13.1194816235
0.04938  13.1242744588
0.0494  13.1290672941
0.04942  13.1338601294
0.04944  13.1386529647
0.04946  13.1434458
0.04948  13.1482386353
0.0495  13.1530314706
0.04952  13.1578243059
0.04954  13.1626171412
0.04956  13.1674099765
0.04958  13.1722028118
0.0496  13.1769956471
0.04962  13.1817884824
0.04964  13.1865813176
0.04966  13.1913741529
0.04968  13.1961669882
0.0497  13.2009598235
0.04972  13.2057526588
0.04974  13.2105454941
0.04976  13.2153383294
0.04978  13.2201311647
0.0498  13.224924
0.04982  13.2297168353
0.04984  13.2345096706
0.04986  13.2393025059
0.04988  13.2440953412
0.0499  13.2488881765
0.04992  13.2536810118
0.04994  13.2584738471
0.04996  13.2632666824
0.04998  13.2680595176
0.05  13.2728523529
0.05002  13.2776451882
0.05004  13.2824380235
0.05006  13.2872308588
0.05008  13.2920236941
0.0501  13.2968165294
0.05012  13.3016093647
0.05014  13.3064022
0.05016  13.3111950353
0.05018  13.3159878706
0.0502  13.3207807059
0.05022  13.3255735412
0.05024  13.3303663765
0.05026  13.3351592118
0.05028  13.3399520471
0.0503  13.3447448824
0.05032  13.3495377176
0.05034  13.3543305529
0.05036  13.3591233882
0.05038  13.3639162235
0.0504  13.3687090588
0.05042  13.3735018941
0.05044  13.3782947294
0.05046  13.3830875647
0.05048  13.3878804
0.0505  13.3926732353
0.05052  13.3974660706
0.05054  13.4022589059
0.05056  13.4070517412
0.05058  13.4118445765
0.0506  13.4166374118
0.05062  13.4214302471
0.05064  13.4262230824
0.05066  13.4310159176
0.05068  13.4358087529
0.0507  13.4406015882
0.05072  13.4453944235
0.05074  13.4501872588
0.05076  13.4549800941
0.05078  13.4597729294
0.0508  13.4645657647
0.05082  13.4693586
0.05084  13.4741514353
0.05086  13.4789442706
0.05088  13.4837371059
0.0509  13.4885299412
0.05092  13.4933227765
0.05094  13.4981156118
0.05096  13.5029084471
0.05098  13.5077012824
0.051  13.5124941176
0.05102  13.5172869529
0.05104  13.5220797882
0.05106  13.5268726235
0.05108  13.5316654588
0.0511  13.5364582941
0.05112  13.5412511294
0.05114  13.5460439647
0.05116  13.5508368
0.05118  13.5556296353
0.0512  13.5604224706
0.05122  13.5652153059
0.05124  13.5700081412
0.05126  13.5748009765
0.05128  13.5795938118
0.0513  13.5843866471
0.05132  13.5891794824
0.05134  13.5939723176
0.05136  13.5987651529
0.05138  13.6035579882
0.0514  13.6083508235
0.05142  13.6131436588
0.05144  13.6179364941
0.05146  13.6227293294
0.05148  13.6275221647
0.0515  13.632315
0.05152  13.6371078353
0.05154  13.6419006706
0.05156  13.6466935059
0.05158  13.6514863412
0.0516  13.6562791765
0.05162  13.6610720118
0.05164  13.6658648471
0.05166  13.6706576824
0.05168  13.6754505176
0.0517  13.6802433529
0.05172  13.6850361882
0.05174  13.6898290235
0.05176  13.6946218588
0.05178  13.6994146941
0.0518  13.7042075294
0.05182  13.7090003647
0.05184  13.7137932
0.05186  13.7185860353
0.05188  13.7233788706
0.0519  13.7281717059
0.05192  13.7329645412
0.05194  13.7377573765
0.05196  13.7425502118
0.05198  13.7473430471
0.052  13.7521358824
0.05202  13.7569287176
0.05204  13.7617215529
0.05206  13.7665143882
0.05208  13.7713072235
0.0521  13.7761000588
0.05212  13.7808928941
0.05214  13.7856857294
0.05216  13.7904785647
0.05218  13.7952714
0.0522  13.8000642353
0.05222  13.8048570706
0.05224  13.8096499059
0.05226  13.8144427412
0.05228  13.8192355765
0.0523  13.8240284118
0.05232  13.8288212471
0.05234  13.8336140824
0.05236  13.8384069176
0.05238  13.8431997529
0.0524  13.8479925882
0.05242  13.8527854235
0.05244  13.8575782588
0.05246  13.8623710941
0.05248  13.8671639294
0.0525  13.8719567647
0.05252  13.8767496
0.05254  13.8815424353
0.05256  13.8863352706
0.05258  13.8911281059
0.0526  13.8959209412
0.05262  13.9007137765
0.05264  13.9055066118
0.05266  13.9102994471
0.05268  13.9150922824
0.0527  13.9198851176
0.05272  13.9246779529
0.05274  13.9294707882
0.05276  13.9342636235
0.05278  13.9390564588
0.0528  13.9438492941
0.05282  13.9486421294
0.05284  13.9534349647
0.05286  13.9582278
0.05288  13.9630206353
0.0529  13.9678134706
0.05292  13.9726063059
0.05294  13.9773991412
0.05296  13.9821919765
0.05298  13.9869848118
0.053  13.9917776471
0.05302  13.9965704824
0.05304  14.0013633176
0.05306  14.0061561529
0.05308  14.0109489882
0.0531  14.0157418235
0.05312  14.0205346588
0.05314  14.0253274941
0.05316  14.0301203294
0.05318  14.0349131647
0.0532  14.039706
0.05322  14.0444988353
0.05324  14.0492916706
0.05326  14.0540845059
0.05328  14.0588773412
0.0533  14.0636701765
0.05332  14.0684630118
0.05334  14.0732558471
0.05336  14.0780486824
0.05338  14.0828415176
0.0534  14.0876343529
0.05342  14.0924271882
0.05344  14.0972200235
0.05346  14.1020128588
0.05348  14.1068056941
0.0535  14.1115985294
0.05352  14.1163913647
0.05354  14.1211842
0.05356  14.1259770353
0.05358  14.1307698706
0.0536  14.1355627059
0.05362  14.1403555412
0.05364  14.1451483765
0.05366  14.1499412118
0.05368  14.1547340471
0.0537  14.1595268824
0.05372  14.1643197176
0.05374  14.1691125529
0.05376  14.1739053882
0.05378  14.1786982235
0.0538  14.1834910588
0.05382  14.1882838941
0.05384  14.1930767294
0.05386  14.1978695647
0.05388  14.2026624
0.0539  14.2074552353
0.05392  14.2122480706
0.05394  14.2170409059
0.05396  14.2218337412
0.05398  14.2266265765
0.054  14.2314194118
0.05402  14.2362122471
0.05404  14.2410050824
0.05406  14.2457979176
0.05408  14.2505907529
0.0541  14.2553835882
0.05412  14.2601764235
0.05414  14.2649692588
0.05416  14.2697620941
0.05418  14.2745549294
0.0542  14.2793477647
0.05422  14.2841406
0.05424  14.2889334353
0.05426  14.2937262706
0.05428  14.2985191059
0.0543  14.3033119412
0.05432  14.3081047765
0.05434  14.3128976118
0.05436  14.3176904471
0.05438  14.3224832824
0.0544  14.3272761176
0.05442  14.3320689529
0.05444  14.3368617882
0.05446  14.3416546235
0.05448  14.3464474588
0.0545  14.3512402941
0.05452  14.3560331294
0.05454  14.3608259647
0.05456  14.3656188
0.05458  14.3704116353
0.0546  14.3752044706
0.05462  14.3799973059
0.05464  14.3847901412
0.05466  14.3895829765
0.05468  14.3943758118
0.0547  14.3991686471
0.05472  14.4039614824
0.05474  14.4087543176
0.05476  14.4135471529
0.05478  14.4183399882
0.0548  14.4231328235
0.05482  14.4279256588
0.05484  14.4327184941
0.05486  14.4375113294
0.05488  14.4423041647
0.0549  14.447097
0.05492  14.4518898353
0.05494  14.4566826706
0.05496  14.4614755059
0.05498  14.4662683412
0.055  14.4710611765
0.05502  14.4758540118
0.05504  14.4806468471
0.05506  14.4854396824
0.05508  14.4902325176
0.0551  14.4950253529
0.05512  14.4998181882
0.05514  14.5046110235
0.05516  14.5094038588
0.05518  14.5141966941
0.0552  14.5189895294
0.05522  14.5237823647
0.05524  14.5285752
0.05526  14.5333680353
0.05528  14.5381608706
0.0553  14.5429537059
0.05532  14.5477465412
0.05534  14.5525393765
0.05536  14.5573322118
0.05538  14.5621250471
0.0554  14.5669178824
0.05542  14.5717107176
0.05544  14.5765035529
0.05546  14.5812963882
0.05548  14.5860892235
0.0555  14.5908820588
0.05552  14.5956748941
0.05554  14.6004677294
0.05556  14.6052605647
0.05558  14.6100534
0.0556  14.6148462353
0.05562  14.6196390706
0.05564  14.6244319059
0.05566  14.6292247412
0.05568  14.6340175765
0.0557  14.6388104118
0.05572  14.6436032471
0.05574  14.6483960824
0.05576  14.6531889176
0.05578  14.6579817529
0.0558  14.6627745882
0.05582  14.6675674235
0.05584  14.6723602588
0.05586  14.6771530941
0.05588  14.6819459294
0.0559  14.6867387647
0.05592  14.6915316
0.05594  14.6963244353
0.05596  14.7011172706
0.05598  14.7059101059
0.056  14.7107029412
0.05602  14.7154957765
0.05604  14.7202886118
0.05606  14.7250814471
0.05608  14.7298742824
0.0561  14.7346671176
0.05612  14.7394599529
0.05614  14.7442527882
0.05616  14.7490456235
0.05618  14.7538384588
0.0562  14.7586312941
0.05622  14.7634241294
0.05624  14.7682169647
0.05626  14.7730098
0.05628  14.7778026353
0.0563  14.7825954706
0.05632  14.7873883059
0.05634  14.7921811412
0.05636  14.7969739765
0.05638  14.8017668118
0.0564  14.8065596471
0.05642  14.8113524824
0.05644  14.8161453176
0.05646  14.8209381529
0.05648  14.8257309882
0.0565  14.8305238235
0.05652  14.8353166588
0.05654  14.8401094941
0.05656  14.8449023294
0.05658  14.8496951647
0.0566  14.854488
0.05662  14.8592808353
0.05664  14.8640736706
0.05666  14.8688665059
0.05668  14.8736593412
0.0567  14.8784521765
0.05672  14.8832450118
0.05674  14.8880378471
0.05676  14.8928306824
0.05678  14.8976235176
0.0568  14.9024163529
0.05682  14.9072091882
0.05684  14.9120020235
0.05686  14.9167948588
0.05688  14.9215876941
0.0569  14.9263805294
0.05692  14.9311733647
0.05694  14.9359662
0.05696  14.9407590353
0.05698  14.9455518706
0.057  14.9503447059
0.05702  14.9551375412
0.05704  14.9599303765
0.05706  14.9647232118
0.05708  14.9695160471
0.0571  14.9743088824
0.05712  14.9791017176
0.05714  14.9838945529
0.05716  14.9886873882
0.05718  14.9934802235
0.0572  14.9982730588
0.05722  15.0030658941
0.05724  15.0078587294
0.05726  15.0126515647
0.05728  15.0174444
0.0573  15.0222372353
0.05732  15.0270300706
0.05734  15.0318229059
0.05736  15.0366157412
0.05738  15.0414085765
0.0574  15.0462014118
0.05742  15.0509942471
0.05744  15.0557870824
0.05746  15.0605799176
0.05748  15.0653727529
0.0575  15.0701655882
0.05752  15.0749584235
0.05754  15.0797512588
0.05756  15.0845440941
0.05758  15.0893369294
0.0576  15.0941297647
0.05762  15.0989226
0.05764  15.1037154353
0.05766  15.1085082706
0.05768  15.1133011059
0.0577  15.1180939412
0.05772  15.1228867765
0.05774  15.1276796118
0.05776  15.1324724471
0.05778  15.1372652824
0.0578  15.1420581176
0.05782  15.1468509529
0.05784  15.1516437882
0.05786  15.1564366235
0.05788  15.1612294588
0.0579  15.1660222941
0.05792  15.1708151294
0.05794  15.1756079647
0.05796  15.1804008
0.05798  15.1851936353
0.058  15.1899864706
0.05802  15.1947793059
0.05804  15.1995721412
0.05806  15.2043649765
0.05808  15.2091578118
0.0581  15.2139506471
0.05812  15.2187434824
0.05814  15.2235363176
0.05816  15.2283291529
0.05818  15.2331219882
0.0582  15.2379148235
0.05822  15.2427076588
0.05824  15.2475004941
0.05826  15.2522933294
0.05828  15.2570861647
0.0583  15.261879
0.05832  15.2666718353
0.05834  15.2714646706
0.05836  15.2762575059
0.05838  15.2810503412
0.0584  15.2858431765
0.05842  15.2906360118
0.05844  15.2954288471
0.05846  15.3002216824
0.05848  15.3050145176
0.0585  15.3098073529
0.05852  15.3146001882
0.05854  15.3193930235
0.05856  15.3241858588
0.05858  15.3289786941
0.0586  15.3337715294
0.05862  15.3385643647
0.05864  15.3433572
0.05866  15.3481500353
0.05868  15.3529428706
0.0587  15.3577357059
0.05872  15.3625285412
0.05874  15.3673213765
0.05876  15.3721142118
0.05878  15.3769070471
0.0588  15.3816998824
0.05882  15.3864927176
0.05884  15.3912855529
0.05886  15.3960783882
0.05888  15.4008712235
0.0589  15.4056640588
0.05892  15.4104568941
0.05894  15.4152497294
0.05896  15.4200425647
0.05898  15.4248354
0.059  15.4296282353
0.05902  15.4344210706
0.05904  15.4392139059
0.05906  15.4440067412
0.05908  15.4487995765
0.0591  15.4535924118
0.05912  15.4583852471
0.05914  15.4631780824
0.05916  15.4679709176
0.05918  15.4727637529
0.0592  15.4775565882
0.05922  15.4823494235
0.05924  15.4871422588
0.05926  15.4919350941
0.05928  15.4967279294
0.0593  15.5015207647
0.05932  15.5063136
0.05934  15.5111064353
0.05936  15.5158992706
0.05938  15.5206921059
0.0594  15.5254849412
0.05942  15.5302777765
0.05944  15.5350706118
0.05946  15.5398634471
0.05948  15.5446562824
0.0595  15.5494491176
0.05952  15.5542419529
0.05954  15.5590347882
0.05956  15.5638276235
0.05958  15.5686204588
0.0596  15.5734132941
0.05962  15.5782061294
0.05964  15.5829989647
0.05966  15.5877918
0.05968  15.5925846353
0.0597  15.5973774706
0.05972  15.6021703059
0.05974  15.6069631412
0.05976  15.6117559765
0.05978  15.6165488118
0.0598  15.6213416471
0.05982  15.6261344824
0.05984  15.6309273176
0.05986  15.6357201529
0.05988  15.6405129882
0.0599  15.6453058235
0.05992  15.6500986588
0.05994  15.6548914941
0.05996  15.6596843294
0.05998  15.6644771647
0.06  15.669270
0.06002  18.744510
0.06004  22.433520
0.06006  26.836140
0.06008  32.088300
0.0601  38.403600
0.06012  45.940500
0.06014  54.957000
0.06016  65.742900
0.06018  78.681300
0.0602  94.123200
0.06022  112.596000
0.06024  134.694000
0.06026  161.202300
0.06028  192.752100
0.0603  230.581800
0.06032  275.961300
0.06034  329.970000
0.06036  394.911000
0.06038  472.416000
0.0604  565.131000
0.06042  676.044000
0.06044  808.722000
0.06046  967.002000
0.06048  1156.785000
0.0605  1383.816000
0.06052  1656.156000
0.06054  1979.388000
0.06056  2367.864000
0.06058  2833.869000
0.0606  3390.030000
0.06062  4057.230000
0.06064  4853.490000
0.06066  5460.270000
0.06068  6026.670000
0.0607  6520.020000
0.06072  6870.120000
0.06074  7005.810000
0.06076  7144.170000
0.06078  7053.750000
0.0608  6826.530000
0.06082  6475.710000
0.06084  5944.980000
0.06086  5460.270000
0.06088  4787.700000
0.0609  4173.270000
0.06092  3590.010000
0.06094  3027.060000
0.06096  2536.191000
0.06098  2097.096000
0.061  1700.427000
0.06102  1405.380000
0.06104  1147.353000
0.06106  924.426000
0.06108  754.701000
0.0611  620.076000
0.06112  512.484000
0.06114  423.756000
0.06116  350.388000
0.06118  293.436300
0.0612  242.852400
0.06122  206.079000
0.06124  173.764500
0.06126  151.395300
0.06128  128.587800
0.0613  112.034400
0.06132  96.991800
0.06134  85.627500
0.06136  74.603700
0.06138  66.706800
0.0614  59.727000
0.06142  53.380500
0.06144  48.407400
0.06146  43.579800
0.06148  40.008300
0.0615  36.997800
0.06152  34.182600
0.06154  31.812300
0.06156  29.795700
0.06158  28.277340
0.0616  26.292600
0.06162  25.112100
0.06164  23.681190
0.06166  22.474260
0.06168  21.612240
0.0617  20.501580
0.06172  19.967820
0.06174  19.201830
0.06176  18.583230
0.06178  17.862210
0.0618  17.176980
0.06182  16.623630
0.06184  16.198230
0.06186  15.978750
0.06188  15.569730
0.0619  15.164400
0.06192  14.864010
0.06194  14.576130
0.06196  14.293800
0.06198  14.016960
0.062  13.745460
0.06202  13.745460
0.06204  13.571580
0.06206  13.479330
0.06208  13.039080
0.0621  13.039080
0.06212  12.874110
0.06214  12.786510
0.06216  12.624750
0.06218  12.699600
0.0622  12.538950
0.06222  12.374610
0.06224  12.212490
0.06226  12.296100
0.06228  12.212490
0.0623  12.212490
0.06232  11.975970
0.06234  12.057930
0.06236  12.057930
0.06238  12.057930
0.0624  11.899980
0.06242  11.899980
0.06244  11.744010
0.06246  11.744010
0.06248  11.819010
0.0625  11.664180
0.06252  11.664180
0.06254  11.819010
0.06256  11.744010
0.06258  11.744010
0.0626  11.744010
0.06262  11.664180
0.06264  11.664180
0.06266  11.664180
0.06268  11.595360
0.0627  11.744010
0.06272  11.664180
0.06274  11.744010
0.06276  11.664180
0.06278  11.664180
0.0628  11.595360
0.06282  11.664180
0.06284  11.516550
0.06286  11.516550
0.06288  11.744010
0.0629  11.516550
0.06292  11.664180
0.06294  11.595360
0.06296  11.664180
0.06298  11.744010
0.063  11.595360
