0.00000  5.22309
0.00002  6.24817
0.00004  7.47784
0.00006  8.94538
0.00008  10.6961
0.00010  12.8012
0.00012  15.3135
0.00014  18.319
0.00016  21.9143
0.00018  26.2271
0.00020  31.3744
0.00022  37.532
0.00024  44.898
0.00026  53.7341
0.00028  64.2507
0.00030  76.8606
0.00032  91.9871
0.00034  109.99
0.00036  131.637
0.00038  157.472
0.00040  188.377
0.00042  225.348
0.00044  269.574
0.00046  322.334
0.00048  385.595
0.00050  461.272
0.00052  552.052
0.00054  659.796
0.00056  789.288
0.00058  944.623
0.00060  1130.01
0.00062  1352.41
0.00064  1617.83
0.00066  1820.09
0.00068  2008.89
0.00070  2173.34
0.00072  2290.04
0.00074  2335.27
0.00076  2381.39
0.00078  2351.25
0.00080  2275.51
0.00082  2158.57
0.00084  1981.66
0.00086  1820.09
0.00088  1595.9
0.00090  1391.09
0.00092  1196.67
0.00094  1009.02
0.00096  845.397
0.00098  699.032
0.00100  566.809
0.00102  468.46
0.00104  382.451
0.00106  308.142
0.00108  251.567
0.00110  206.692
0.00112  170.828
0.00114  141.252
0.00116  116.796
0.00118  97.8121
0.00120  80.9508
0.00122  68.693
0.00124  57.9215
0.00126  50.4651
0.00128  42.8626
0.00130  37.3448
0.00132  32.3306
0.00134  28.5425
0.00136  24.8679
0.00138  22.2356
0.00140  19.909
0.00142  17.7935
0.00144  16.1358
0.00146  14.5266
0.00148  13.3361
0.00150  12.3326
0.00152  11.3942
0.00154  10.6041
0.00156  9.9319
0.00158  9.42578
0.00160  8.7642
0.00162  8.3707
0.00164  7.89373
0.00166  7.49142
0.00168  7.20408
0.00170  6.83386
0.00172  6.65594
0.00174  6.40061
0.00176  6.19441
0.00178  5.95407
0.00180  5.72566
0.00182  5.54121
0.00184  5.39941
0.00186  5.32625
0.00188  5.18991
0.00190  5.0548
0.00192  4.95467
0.00194  4.85871
0.00196  4.7646
0.00198  4.67232
0.00200  4.58182
0.00202  4.58182
0.00204  4.52386
0.00206  4.49311
0.00208  4.34636
0.00210  4.34636
0.00212  4.29137
0.00214  4.26217
0.00216  4.20825
0.00218  4.2332
0.00220  4.17965
0.00222  4.12487
0.00224  4.07083
0.00226  4.0987
0.00228  4.07083
0.00230  4.07083
0.00232  3.99199
0.00234  4.01931
0.00236  4.01931
0.00238  4.01931
0.00240  3.96666
0.00242  3.96666
0.00244  3.91467
0.00246  3.91467
0.00248  3.93967
0.00250  3.88806
0.00252  3.88806
0.00254  3.93967
0.00256  3.91467
0.00258  3.91467
0.00260  3.91467
0.00262  3.88806
0.00264  3.88806
0.00266  3.88806
0.00268  3.86512
0.00270  3.91467
0.00272  3.88806
0.00274  3.91467
0.00276  3.88806
0.00278  3.88806
0.00280  3.86512
0.00282  3.88806
0.00284  3.83885
0.00286  3.83885
0.00288  3.91467
0.00290  3.83885
0.00292  3.88806
0.00294  3.86512
0.00296  3.88806
0.00298  3.91467
0.00300  3.86512
0.00302  3.86671761176
0.00304  3.86831522353
0.00306  3.86991283529
0.00308  3.87151044706
0.0031  3.87310805882
0.00312  3.87470567059
0.00314  3.87630328235
0.00316  3.87790089412
0.00318  3.87949850588
0.0032  3.88109611765
0.00322  3.88269372941
0.00324  3.88429134118
0.00326  3.88588895294
0.00328  3.88748656471
0.0033  3.88908417647
0.00332  3.89068178824
0.00334  3.8922794
0.00336  3.89387701176
0.00338  3.89547462353
0.0034  3.89707223529
0.00342  3.89866984706
0.00344  3.90026745882
0.00346  3.90186507059
0.00348  3.90346268235
0.0035  3.90506029412
0.00352  3.90665790588
0.00354  3.90825551765
0.00356  3.90985312941
0.00358  3.91145074118
0.0036  3.91304835294
0.00362  3.91464596471
0.00364  3.91624357647
0.00366  3.91784118824
0.00368  3.9194388
0.0037  3.92103641176
0.00372  3.92263402353
0.00374  3.92423163529
0.00376  3.92582924706
0.00378  3.92742685882
0.0038  3.92902447059
0.00382  3.93062208235
0.00384  3.93221969412
0.00386  3.93381730588
0.00388  3.93541491765
0.0039  3.93701252941
0.00392  3.93861014118
0.00394  3.94020775294
0.00396  3.94180536471
0.00398  3.94340297647
0.004  3.94500058824
0.00402  3.9465982
0.00404  3.94819581176
0.00406  3.94979342353
0.00408  3.95139103529
0.0041  3.95298864706
0.00412  3.95458625882
0.00414  3.95618387059
0.00416  3.95778148235
0.00418  3.95937909412
0.0042  3.96097670588
0.00422  3.96257431765
0.00424  3.96417192941
0.00426  3.96576954118
0.00428  3.96736715294
0.0043  3.96896476471
0.00432  3.97056237647
0.00434  3.97215998824
0.00436  3.9737576
0.00438  3.97535521176
0.0044  3.97695282353
0.00442  3.97855043529
0.00444  3.98014804706
0.00446  3.98174565882
0.00448  3.98334327059
0.0045  3.98494088235
0.00452  3.98653849412
0.00454  3.98813610588
0.00456  3.98973371765
0.00458  3.99133132941
0.0046  3.99292894118
0.00462  3.99452655294
0.00464  3.99612416471
0.00466  3.99772177647
0.00468  3.99931938824
0.0047  4.000917
0.00472  4.00251461176
0.00474  4.00411222353
0.00476  4.00570983529
0.00478  4.00730744706
0.0048  4.00890505882
0.00482  4.01050267059
0.00484  4.01210028235
0.00486  4.01369789412
0.00488  4.01529550588
0.0049  4.01689311765
0.00492  4.01849072941
0.00494  4.02008834118
0.00496  4.02168595294
0.00498  4.02328356471
0.005  4.02488117647
0.00502  4.02647878824
0.00504  4.0280764
0.00506  4.02967401176
0.00508  4.03127162353
0.0051  4.03286923529
0.00512  4.03446684706
0.00514  4.03606445882
0.00516  4.03766207059
0.00518  4.03925968235
0.0052  4.04085729412
0.00522  4.04245490588
0.00524  4.04405251765
0.00526  4.04565012941
0.00528  4.04724774118
0.0053  4.04884535294
0.00532  4.05044296471
0.00534  4.05204057647
0.00536  4.05363818824
0.00538  4.0552358
0.0054  4.05683341176
0.00542  4.05843102353
0.00544  4.06002863529
0.00546  4.06162624706
0.00548  4.06322385882
0.0055  4.06482147059
0.00552  4.06641908235
0.00554  4.06801669412
0.00556  4.06961430588
0.00558  4.07121191765
0.0056  4.07280952941
0.00562  4.07440714118
0.00564  4.07600475294
0.00566  4.07760236471
0.00568  4.07919997647
0.0057  4.08079758824
0.00572  4.0823952
0.00574  4.08399281176
0.00576  4.08559042353
0.00578  4.08718803529
0.0058  4.08878564706
0.00582  4.09038325882
0.00584  4.09198087059
0.00586  4.09357848235
0.00588  4.09517609412
0.0059  4.09677370588
0.00592  4.09837131765
0.00594  4.09996892941
0.00596  4.10156654118
0.00598  4.10316415294
0.006  4.10476176471
0.00602  4.10635937647
0.00604  4.10795698824
0.00606  4.1095546
0.00608  4.11115221176
0.0061  4.11274982353
0.00612  4.11434743529
0.00614  4.11594504706
0.00616  4.11754265882
0.00618  4.11914027059
0.0062  4.12073788235
0.00622  4.12233549412
0.00624  4.12393310588
0.00626  4.12553071765
0.00628  4.12712832941
0.0063  4.12872594118
0.00632  4.13032355294
0.00634  4.13192116471
0.00636  4.13351877647
0.00638  4.13511638824
0.0064  4.136714
0.00642  4.13831161176
0.00644  4.13990922353
0.00646  4.14150683529
0.00648  4.14310444706
0.0065  4.14470205882
0.00652  4.14629967059
0.00654  4.14789728235
0.00656  4.14949489412
0.00658  4.15109250588
0.0066  4.15269011765
0.00662  4.15428772941
0.00664  4.15588534118
0.00666  4.15748295294
0.00668  4.15908056471
0.0067  4.16067817647
0.00672  4.16227578824
0.00674  4.1638734
0.00676  4.16547101176
0.00678  4.16706862353
0.0068  4.16866623529
0.00682  4.17026384706
0.00684  4.17186145882
0.00686  4.17345907059
0.00688  4.17505668235
0.0069  4.17665429412
0.00692  4.17825190588
0.00694  4.17984951765
0.00696  4.18144712941
0.00698  4.18304474118
0.007  4.18464235294
0.00702  4.18623996471
0.00704  4.18783757647
0.00706  4.18943518824
0.00708  4.1910328
0.0071  4.19263041176
0.00712  4.19422802353
0.00714  4.19582563529
0.00716  4.19742324706
0.00718  4.19902085882
0.0072  4.20061847059
0.00722  4.20221608235
0.00724  4.20381369412
0.00726  4.20541130588
0.00728  4.20700891765
0.0073  4.20860652941
0.00732  4.21020414118
0.00734  4.21180175294
0.00736  4.21339936471
0.00738  4.21499697647
0.0074  4.21659458824
0.00742  4.2181922
0.00744  4.21978981176
0.00746  4.22138742353
0.00748  4.22298503529
0.0075  4.22458264706
0.00752  4.22618025882
0.00754  4.22777787059
0.00756  4.22937548235
0.00758  4.23097309412
0.0076  4.23257070588
0.00762  4.23416831765
0.00764  4.23576592941
0.00766  4.23736354118
0.00768  4.23896115294
0.0077  4.24055876471
0.00772  4.24215637647
0.00774  4.24375398824
0.00776  4.2453516
0.00778  4.24694921176
0.0078  4.24854682353
0.00782  4.25014443529
0.00784  4.25174204706
0.00786  4.25333965882
0.00788  4.25493727059
0.0079  4.25653488235
0.00792  4.25813249412
0.00794  4.25973010588
0.00796  4.26132771765
0.00798  4.26292532941
0.008  4.26452294118
0.00802  4.26612055294
0.00804  4.26771816471
0.00806  4.26931577647
0.00808  4.27091338824
0.0081  4.272511
0.00812  4.27410861176
0.00814  4.27570622353
0.00816  4.27730383529
0.00818  4.27890144706
0.0082  4.28049905882
0.00822  4.28209667059
0.00824  4.28369428235
0.00826  4.28529189412
0.00828  4.28688950588
0.0083  4.28848711765
0.00832  4.29008472941
0.00834  4.29168234118
0.00836  4.29327995294
0.00838  4.29487756471
0.0084  4.29647517647
0.00842  4.29807278824
0.00844  4.2996704
0.00846  4.30126801176
0.00848  4.30286562353
0.0085  4.30446323529
0.00852  4.30606084706
0.00854  4.30765845882
0.00856  4.30925607059
0.00858  4.31085368235
0.0086  4.31245129412
0.00862  4.31404890588
0.00864  4.31564651765
0.00866  4.31724412941
0.00868  4.31884174118
0.0087  4.32043935294
0.00872  4.32203696471
0.00874  4.32363457647
0.00876  4.32523218824
0.00878  4.3268298
0.0088  4.32842741176
0.00882  4.33002502353
0.00884  4.33162263529
0.00886  4.33322024706
0.00888  4.33481785882
0.0089  4.33641547059
0.00892  4.33801308235
0.00894  4.33961069412
0.00896  4.34120830588
0.00898  4.34280591765
0.009  4.34440352941
0.00902  4.34600114118
0.00904  4.34759875294
0.00906  4.34919636471
0.00908  4.35079397647
0.0091  4.35239158824
0.00912  4.3539892
0.00914  4.35558681176
0.00916  4.35718442353
0.00918  4.35878203529
0.0092  4.36037964706
0.00922  4.36197725882
0.00924  4.36357487059
0.00926  4.36517248235
0.00928  4.36677009412
0.0093  4.36836770588
0.00932  4.36996531765
0.00934  4.37156292941
0.00936  4.37316054118
0.00938  4.37475815294
0.0094  4.37635576471
0.00942  4.37795337647
0.00944  4.37955098824
0.00946  4.3811486
0.00948  4.38274621176
0.0095  4.38434382353
0.00952  4.38594143529
0.00954  4.38753904706
0.00956  4.38913665882
0.00958  4.39073427059
0.0096  4.39233188235
0.00962  4.39392949412
0.00964  4.39552710588
0.00966  4.39712471765
0.00968  4.39872232941
0.0097  4.40031994118
0.00972  4.40191755294
0.00974  4.40351516471
0.00976  4.40511277647
0.00978  4.40671038824
0.0098  4.408308
0.00982  4.40990561176
0.00984  4.41150322353
0.00986  4.41310083529
0.00988  4.41469844706
0.0099  4.41629605882
0.00992  4.41789367059
0.00994  4.41949128235
0.00996  4.42108889412
0.00998  4.42268650588
0.01  4.42428411765
0.01002  4.42588172941
0.01004  4.42747934118
0.01006  4.42907695294
0.01008  4.43067456471
0.0101  4.43227217647
0.01012  4.43386978824
0.01014  4.4354674
0.01016  4.43706501176
0.01018  4.43866262353
0.0102  4.44026023529
0.01022  4.44185784706
0.01024  4.44345545882
0.01026  4.44505307059
0.01028  4.44665068235
0.0103  4.44824829412
0.01032  4.44984590588
0.01034  4.45144351765
0.01036  4.45304112941
0.01038  4.45463874118
0.0104  4.45623635294
0.01042  4.45783396471
0.01044  4.45943157647
0.01046  4.46102918824
0.01048  4.4626268
0.0105  4.46422441176
0.01052  4.46582202353
0.01054  4.46741963529
0.01056  4.46901724706
0.01058  4.47061485882
0.0106  4.47221247059
0.01062  4.47381008235
0.01064  4.47540769412
0.01066  4.47700530588
0.01068  4.47860291765
0.0107  4.48020052941
0.01072  4.48179814118
0.01074  4.48339575294
0.01076  4.48499336471
0.01078  4.48659097647
0.0108  4.48818858824
0.01082  4.4897862
0.01084  4.49138381176
0.01086  4.49298142353
0.01088  4.49457903529
0.0109  4.49617664706
0.01092  4.49777425882
0.01094  4.49937187059
0.01096  4.50096948235
0.01098  4.50256709412
0.011  4.50416470588
0.01102  4.50576231765
0.01104  4.50735992941
0.01106  4.50895754118
0.01108  4.51055515294
0.0111  4.51215276471
0.01112  4.51375037647
0.01114  4.51534798824
0.01116  4.5169456
0.01118  4.51854321176
0.0112  4.52014082353
0.01122  4.52173843529
0.01124  4.52333604706
0.01126  4.52493365882
0.01128  4.52653127059
0.0113  4.52812888235
0.01132  4.52972649412
0.01134  4.53132410588
0.01136  4.53292171765
0.01138  4.53451932941
0.0114  4.53611694118
0.01142  4.53771455294
0.01144  4.53931216471
0.01146  4.54090977647
0.01148  4.54250738824
0.0115  4.544105
0.01152  4.54570261176
0.01154  4.54730022353
0.01156  4.54889783529
0.01158  4.55049544706
0.0116  4.55209305882
0.01162  4.55369067059
0.01164  4.55528828235
0.01166  4.55688589412
0.01168  4.55848350588
0.0117  4.56008111765
0.01172  4.56167872941
0.01174  4.56327634118
0.01176  4.56487395294
0.01178  4.56647156471
0.0118  4.56806917647
0.01182  4.56966678824
0.01184  4.5712644
0.01186  4.57286201176
0.01188  4.57445962353
0.0119  4.57605723529
0.01192  4.57765484706
0.01194  4.57925245882
0.01196  4.58085007059
0.01198  4.58244768235
0.012  4.58404529412
0.01202  4.58564290588
0.01204  4.58724051765
0.01206  4.58883812941
0.01208  4.59043574118
0.0121  4.59203335294
0.01212  4.59363096471
0.01214  4.59522857647
0.01216  4.59682618824
0.01218  4.5984238
0.0122  4.60002141176
0.01222  4.60161902353
0.01224  4.60321663529
0.01226  4.60481424706
0.01228  4.60641185882
0.0123  4.60800947059
0.01232  4.60960708235
0.01234  4.61120469412
0.01236  4.61280230588
0.01238  4.61439991765
0.0124  4.61599752941
0.01242  4.61759514118
0.01244  4.61919275294
0.01246  4.62079036471
0.01248  4.62238797647
0.0125  4.62398558824
0.01252  4.6255832
0.01254  4.62718081176
0.01256  4.62877842353
0.01258  4.63037603529
0.0126  4.63197364706
0.01262  4.63357125882
0.01264  4.63516887059
0.01266  4.63676648235
0.01268  4.63836409412
0.0127  4.63996170588
0.01272  4.64155931765
0.01274  4.64315692941
0.01276  4.64475454118
0.01278  4.64635215294
0.0128  4.64794976471
0.01282  4.64954737647
0.01284  4.65114498824
0.01286  4.6527426
0.01288  4.65434021176
0.0129  4.65593782353
0.01292  4.65753543529
0.01294  4.65913304706
0.01296  4.66073065882
0.01298  4.66232827059
0.013  4.66392588235
0.01302  4.66552349412
0.01304  4.66712110588
0.01306  4.66871871765
0.01308  4.67031632941
0.0131  4.67191394118
0.01312  4.67351155294
0.01314  4.67510916471
0.01316  4.67670677647
0.01318  4.67830438824
0.0132  4.679902
0.01322  4.68149961176
0.01324  4.68309722353
0.01326  4.68469483529
0.01328  4.68629244706
0.0133  4.68789005882
0.01332  4.68948767059
0.01334  4.69108528235
0.01336  4.69268289412
0.01338  4.69428050588
0.0134  4.69587811765
0.01342  4.69747572941
0.01344  4.69907334118
0.01346  4.70067095294
0.01348  4.70226856471
0.0135  4.70386617647
0.01352  4.70546378824
0.01354  4.7070614
0.01356  4.70865901176
0.01358  4.71025662353
0.0136  4.71185423529
0.01362  4.71345184706
0.01364  4.71504945882
0.01366  4.71664707059
0.01368  4.71824468235
0.0137  4.71984229412
0.01372  4.72143990588
0.01374  4.72303751765
0.01376  4.72463512941
0.01378  4.72623274118
0.0138  4.72783035294
0.01382  4.72942796471
0.01384  4.73102557647
0.01386  4.73262318824
0.01388  4.7342208
0.0139  4.73581841176
0.01392  4.73741602353
0.01394  4.73901363529
0.01396  4.74061124706
0.01398  4.74220885882
0.014  4.74380647059
0.01402  4.74540408235
0.01404  4.74700169412
0.01406  4.74859930588
0.01408  4.75019691765
0.0141  4.75179452941
0.01412  4.75339214118
0.01414  4.75498975294
0.01416  4.75658736471
0.01418  4.75818497647
0.0142  4.75978258824
0.01422  4.7613802
0.01424  4.76297781176
0.01426  4.76457542353
0.01428  4.76617303529
0.0143  4.76777064706
0.01432  4.76936825882
0.01434  4.77096587059
0.01436  4.77256348235
0.01438  4.77416109412
0.0144  4.77575870588
0.01442  4.77735631765
0.01444  4.77895392941
0.01446  4.78055154118
0.01448  4.78214915294
0.0145  4.78374676471
0.01452  4.78534437647
0.01454  4.78694198824
0.01456  4.7885396
0.01458  4.79013721176
0.0146  4.79173482353
0.01462  4.79333243529
0.01464  4.79493004706
0.01466  4.79652765882
0.01468  4.79812527059
0.0147  4.79972288235
0.01472  4.80132049412
0.01474  4.80291810588
0.01476  4.80451571765
0.01478  4.80611332941
0.0148  4.80771094118
0.01482  4.80930855294
0.01484  4.81090616471
0.01486  4.81250377647
0.01488  4.81410138824
0.0149  4.815699
0.01492  4.81729661176
0.01494  4.81889422353
0.01496  4.82049183529
0.01498  4.82208944706
0.015  4.82368705882
0.01502  4.82528467059
0.01504  4.82688228235
0.01506  4.82847989412
0.01508  4.83007750588
0.0151  4.83167511765
0.01512  4.83327272941
0.01514  4.83487034118
0.01516  4.83646795294
0.01518  4.83806556471
0.0152  4.83966317647
0.01522  4.84126078824
0.01524  4.8428584
0.01526  4.84445601176
0.01528  4.84605362353
0.0153  4.84765123529
0.01532  4.84924884706
0.01534  4.85084645882
0.01536  4.85244407059
0.01538  4.85404168235
0.0154  4.85563929412
0.01542  4.85723690588
0.01544  4.85883451765
0.01546  4.86043212941
0.01548  4.86202974118
0.0155  4.86362735294
0.01552  4.86522496471
0.01554  4.86682257647
0.01556  4.86842018824
0.01558  4.8700178
0.0156  4.87161541176
0.01562  4.87321302353
0.01564  4.87481063529
0.01566  4.87640824706
0.01568  4.87800585882
0.0157  4.87960347059
0.01572  4.88120108235
0.01574  4.88279869412
0.01576  4.88439630588
0.01578  4.88599391765
0.0158  4.88759152941
0.01582  4.88918914118
0.01584  4.89078675294
0.01586  4.89238436471
0.01588  4.89398197647
0.0159  4.89557958824
0.01592  4.8971772
0.01594  4.89877481176
0.01596  4.90037242353
0.01598  4.90197003529
0.016  4.90356764706
0.01602  4.90516525882
0.01604  4.90676287059
0.01606  4.90836048235
0.01608  4.90995809412
0.0161  4.91155570588
0.01612  4.91315331765
0.01614  4.91475092941
0.01616  4.91634854118
0.01618  4.91794615294
0.0162  4.91954376471
0.01622  4.92114137647
0.01624  4.92273898824
0.01626  4.9243366
0.01628  4.92593421176
0.0163  4.92753182353
0.01632  4.92912943529
0.01634  4.93072704706
0.01636  4.93232465882
0.01638  4.93392227059
0.0164  4.93551988235
0.01642  4.93711749412
0.01644  4.93871510588
0.01646  4.94031271765
0.01648  4.94191032941
0.0165  4.94350794118
0.01652  4.94510555294
0.01654  4.94670316471
0.01656  4.94830077647
0.01658  4.94989838824
0.0166  4.951496
0.01662  4.95309361176
0.01664  4.95469122353
0.01666  4.95628883529
0.01668  4.95788644706
0.0167  4.95948405882
0.01672  4.96108167059
0.01674  4.96267928235
0.01676  4.96427689412
0.01678  4.96587450588
0.0168  4.96747211765
0.01682  4.96906972941
0.01684  4.97066734118
0.01686  4.97226495294
0.01688  4.97386256471
0.0169  4.97546017647
0.01692  4.97705778824
0.01694  4.9786554
0.01696  4.98025301176
0.01698  4.98185062353
0.017  4.98344823529
0.01702  4.98504584706
0.01704  4.98664345882
0.01706  4.98824107059
0.01708  4.98983868235
0.0171  4.99143629412
0.01712  4.99303390588
0.01714  4.99463151765
0.01716  4.99622912941
0.01718  4.99782674118
0.0172  4.99942435294
0.01722  5.00102196471
0.01724  5.00261957647
0.01726  5.00421718824
0.01728  5.0058148
0.0173  5.00741241176
0.01732  5.00901002353
0.01734  5.01060763529
0.01736  5.01220524706
0.01738  5.01380285882
0.0174  5.01540047059
0.01742  5.01699808235
0.01744  5.01859569412
0.01746  5.02019330588
0.01748  5.02179091765
0.0175  5.02338852941
0.01752  5.02498614118
0.01754  5.02658375294
0.01756  5.02818136471
0.01758  5.02977897647
0.0176  5.03137658824
0.01762  5.0329742
0.01764  5.03457181176
0.01766  5.03616942353
0.01768  5.03776703529
0.0177  5.03936464706
0.01772  5.04096225882
0.01774  5.04255987059
0.01776  5.04415748235
0.01778  5.04575509412
0.0178  5.04735270588
0.01782  5.04895031765
0.01784  5.05054792941
0.01786  5.05214554118
0.01788  5.05374315294
0.0179  5.05534076471
0.01792  5.05693837647
0.01794  5.05853598824
0.01796  5.0601336
0.01798  5.06173121176
0.018  5.06332882353
0.01802  5.06492643529
0.01804  5.06652404706
0.01806  5.06812165882
0.01808  5.06971927059
0.0181  5.07131688235
0.01812  5.07291449412
0.01814  5.07451210588
0.01816  5.07610971765
0.01818  5.07770732941
0.0182  5.07930494118
0.01822  5.08090255294
0.01824  5.08250016471
0.01826  5.08409777647
0.01828  5.08569538824
0.0183  5.087293
0.01832  5.08889061176
0.01834  5.09048822353
0.01836  5.09208583529
0.01838  5.09368344706
0.0184  5.09528105882
0.01842  5.09687867059
0.01844  5.09847628235
0.01846  5.10007389412
0.01848  5.10167150588
0.0185  5.10326911765
0.01852  5.10486672941
0.01854  5.10646434118
0.01856  5.10806195294
0.01858  5.10965956471
0.0186  5.11125717647
0.01862  5.11285478824
0.01864  5.1144524
0.01866  5.11605001176
0.01868  5.11764762353
0.0187  5.11924523529
0.01872  5.12084284706
0.01874  5.12244045882
0.01876  5.12403807059
0.01878  5.12563568235
0.0188  5.12723329412
0.01882  5.12883090588
0.01884  5.13042851765
0.01886  5.13202612941
0.01888  5.13362374118
0.0189  5.13522135294
0.01892  5.13681896471
0.01894  5.13841657647
0.01896  5.14001418824
0.01898  5.1416118
0.019  5.14320941176
0.01902  5.14480702353
0.01904  5.14640463529
0.01906  5.14800224706
0.01908  5.14959985882
0.0191  5.15119747059
0.01912  5.15279508235
0.01914  5.15439269412
0.01916  5.15599030588
0.01918  5.15758791765
0.0192  5.15918552941
0.01922  5.16078314118
0.01924  5.16238075294
0.01926  5.16397836471
0.01928  5.16557597647
0.0193  5.16717358824
0.01932  5.1687712
0.01934  5.17036881176
0.01936  5.17196642353
0.01938  5.17356403529
0.0194  5.17516164706
0.01942  5.17675925882
0.01944  5.17835687059
0.01946  5.17995448235
0.01948  5.18155209412
0.0195  5.18314970588
0.01952  5.18474731765
0.01954  5.18634492941
0.01956  5.18794254118
0.01958  5.18954015294
0.0196  5.19113776471
0.01962  5.19273537647
0.01964  5.19433298824
0.01966  5.1959306
0.01968  5.19752821176
0.0197  5.19912582353
0.01972  5.20072343529
0.01974  5.20232104706
0.01976  5.20391865882
0.01978  5.20551627059
0.0198  5.20711388235
0.01982  5.20871149412
0.01984  5.21030910588
0.01986  5.21190671765
0.01988  5.21350432941
0.0199  5.21510194118
0.01992  5.21669955294
0.01994  5.21829716471
0.01996  5.21989477647
0.01998  5.22149238824
0.02  5.22309
0.02002  6.24817
0.02004  7.47784
0.02006  8.94538
0.02008  10.6961
0.0201  12.8012
0.02012  15.3135
0.02014  18.319
0.02016  21.9143
0.02018  26.2271
0.0202  31.3744
0.02022  37.532
0.02024  44.898
0.02026  53.7341
0.02028  64.2507
0.0203  76.8606
0.02032  91.9871
0.02034  109.99
0.02036  131.637
0.02038  157.472
0.0204  188.377
0.02042  225.348
0.02044  269.574
0.02046  322.334
0.02048  385.595
0.0205  461.272
0.02052  552.052
0.02054  659.796
0.02056  789.288
0.02058  944.623
0.0206  1130.01
0.02062  1352.41
0.02064  1617.83
0.02066  1820.09
0.02068  2008.89
0.0207  2173.34
0.02072  2290.04
0.02074  2335.27
0.02076  2381.39
0.02078  2351.25
0.0208  2275.51
0.02082  2158.57
0.02084  1981.66
0.02086  1820.09
0.02088  1595.9
0.0209  1391.09
0.02092  1196.67
0.02094  1009.02
0.02096  845.397
0.02098  699.032
0.021  566.809
0.02102  468.46
0.02104  382.451
0.02106  308.142
0.02108  251.567
0.0211  206.692
0.02112  170.828
0.02114  141.252
0.02116  116.796
0.02118  97.8121
0.0212  80.9508
0.02122  68.693
0.02124  57.9215
0.02126  50.4651
0.02128  42.8626
0.0213  37.3448
0.02132  32.3306
0.02134  28.5425
0.02136  24.8679
0.02138  22.2356
0.0214  19.909
0.02142  17.7935
0.02144  16.1358
0.02146  14.5266
0.02148  13.3361
0.0215  12.3326
0.02152  11.3942
0.02154  10.6041
0.02156  9.9319
0.02158  9.42578
0.0216  8.7642
0.02162  8.3707
0.02164  7.89373
0.02166  7.49142
0.02168  7.20408
0.0217  6.83386
0.02172  6.65594
0.02174  6.40061
0.02176  6.19441
0.02178  5.95407
0.0218  5.72566
0.02182  5.54121
0.02184  5.39941
0.02186  5.32625
0.02188  5.18991
0.0219  5.0548
0.02192  4.95467
0.02194  4.85871
0.02196  4.7646
0.02198  4.67232
0.022  4.58182
0.02202  4.58182
0.02204  4.52386
0.02206  4.49311
0.02208  4.34636
0.0221  4.34636
0.02212  4.29137
0.02214  4.26217
0.02216  4.20825
0.02218  4.2332
0.0222  4.17965
0.02222  4.12487
0.02224  4.07083
0.02226  4.0987
0.02228  4.07083
0.0223  4.07083
0.02232  3.99199
0.02234  4.01931
0.02236  4.01931
0.02238  4.01931
0.0224  3.96666
0.02242  3.96666
0.02244  3.91467
0.02246  3.91467
0.02248  3.93967
0.0225  3.88806
0.02252  3.88806
0.02254  3.93967
0.02256  3.91467
0.02258  3.91467
0.0226  3.91467
0.02262  3.88806
0.02264  3.88806
0.02266  3.88806
0.02268  3.86512
0.0227  3.91467
0.02272  3.88806
0.02274  3.91467
0.02276  3.88806
0.02278  3.88806
0.0228  3.86512
0.02282  3.88806
0.02284  3.83885
0.02286  3.83885
0.02288  3.91467
0.0229  3.83885
0.02292  3.88806
0.02294  3.86512
0.02296  3.88806
0.02298  3.91467
0.023  3.86512
0.02302  3.86671761176
0.02304  3.86831522353
0.02306  3.86991283529
0.02308  3.87151044706
0.0231  3.87310805882
0.02312  3.87470567059
0.02314  3.87630328235
0.02316  3.87790089412
0.02318  3.87949850588
0.0232  3.88109611765
0.02322  3.88269372941
0.02324  3.88429134118
0.02326  3.88588895294
0.02328  3.88748656471
0.0233  3.88908417647
0.02332  3.89068178824
0.02334  3.8922794
0.02336  3.89387701176
0.02338  3.89547462353
0.0234  3.89707223529
0.02342  3.89866984706
0.02344  3.90026745882
0.02346  3.90186507059
0.02348  3.90346268235
0.0235  3.90506029412
0.02352  3.90665790588
0.02354  3.90825551765
0.02356  3.90985312941
0.02358  3.91145074118
0.0236  3.91304835294
0.02362  3.91464596471
0.02364  3.91624357647
0.02366  3.91784118824
0.02368  3.9194388
0.0237  3.92103641176
0.02372  3.92263402353
0.02374  3.92423163529
0.02376  3.92582924706
0.02378  3.92742685882
0.0238  3.92902447059
0.02382  3.93062208235
0.02384  3.93221969412
0.02386  3.93381730588
0.02388  3.93541491765
0.0239  3.93701252941
0.02392  3.93861014118
0.02394  3.94020775294
0.02396  3.94180536471
0.02398  3.94340297647
0.024  3.94500058824
0.02402  3.9465982
0.02404  3.94819581176
0.02406  3.94979342353
0.02408  3.95139103529
0.0241  3.95298864706
0.02412  3.95458625882
0.02414  3.95618387059
0.02416  3.95778148235
0.02418  3.95937909412
0.0242  3.96097670588
0.02422  3.96257431765
0.02424  3.96417192941
0.02426  3.96576954118
0.02428  3.96736715294
0.0243  3.96896476471
0.02432  3.97056237647
0.02434  3.97215998824
0.02436  3.9737576
0.02438  3.97535521176
0.0244  3.97695282353
0.02442  3.97855043529
0.02444  3.98014804706
0.02446  3.98174565882
0.02448  3.98334327059
0.0245  3.98494088235
0.02452  3.98653849412
0.02454  3.98813610588
0.02456  3.98973371765
0.02458  3.99133132941
0.0246  3.99292894118
0.02462  3.99452655294
0.02464  3.99612416471
0.02466  3.99772177647
0.02468  3.99931938824
0.0247  4.000917
0.02472  4.00251461176
0.02474  4.00411222353
0.02476  4.00570983529
0.02478  4.00730744706
0.0248  4.00890505882
0.02482  4.01050267059
0.02484  4.01210028235
0.02486  4.01369789412
0.02488  4.01529550588
0.0249  4.01689311765
0.02492  4.01849072941
0.02494  4.02008834118
0.02496  4.02168595294
0.02498  4.02328356471
0.025  4.02488117647
0.02502  4.02647878824
0.02504  4.0280764
0.02506  4.02967401176
0.02508  4.03127162353
0.0251  4.03286923529
0.02512  4.03446684706
0.02514  4.03606445882
0.02516  4.03766207059
0.02518  4.03925968235
0.0252  4.04085729412
0.02522  4.04245490588
0.02524  4.04405251765
0.02526  4.04565012941
0.02528  4.04724774118
0.0253  4.04884535294
0.02532  4.05044296471
0.02534  4.05204057647
0.02536  4.05363818824
0.02538  4.0552358
0.0254  4.05683341176
0.02542  4.05843102353
0.02544  4.06002863529
0.02546  4.06162624706
0.02548  4.06322385882
0.0255  4.06482147059
0.02552  4.06641908235
0.02554  4.06801669412
0.02556  4.06961430588
0.02558  4.07121191765
0.0256  4.07280952941
0.02562  4.07440714118
0.02564  4.07600475294
0.02566  4.07760236471
0.02568  4.07919997647
0.0257  4.08079758824
0.02572  4.0823952
0.02574  4.08399281176
0.02576  4.08559042353
0.02578  4.08718803529
0.0258  4.08878564706
0.02582  4.09038325882
0.02584  4.09198087059
0.02586  4.09357848235
0.02588  4.09517609412
0.0259  4.09677370588
0.02592  4.09837131765
0.02594  4.09996892941
0.02596  4.10156654118
0.02598  4.10316415294
0.026  4.10476176471
0.02602  4.10635937647
0.02604  4.10795698824
0.02606  4.1095546
0.02608  4.11115221176
0.0261  4.11274982353
0.02612  4.11434743529
0.02614  4.11594504706
0.02616  4.11754265882
0.02618  4.11914027059
0.0262  4.12073788235
0.02622  4.12233549412
0.02624  4.12393310588
0.02626  4.12553071765
0.02628  4.12712832941
0.0263  4.12872594118
0.02632  4.13032355294
0.02634  4.13192116471
0.02636  4.13351877647
0.02638  4.13511638824
0.0264  4.136714
0.02642  4.13831161176
0.02644  4.13990922353
0.02646  4.14150683529
0.02648  4.14310444706
0.0265  4.14470205882
0.02652  4.14629967059
0.02654  4.14789728235
0.02656  4.14949489412
0.02658  4.15109250588
0.0266  4.15269011765
0.02662  4.15428772941
0.02664  4.15588534118
0.02666  4.15748295294
0.02668  4.15908056471
0.0267  4.16067817647
0.02672  4.16227578824
0.02674  4.1638734
0.02676  4.16547101176
0.02678  4.16706862353
0.0268  4.16866623529
0.02682  4.17026384706
0.02684  4.17186145882
0.02686  4.17345907059
0.02688  4.17505668235
0.0269  4.17665429412
0.02692  4.17825190588
0.02694  4.17984951765
0.02696  4.18144712941
0.02698  4.18304474118
0.027  4.18464235294
0.02702  4.18623996471
0.02704  4.18783757647
0.02706  4.18943518824
0.02708  4.1910328
0.0271  4.19263041176
0.02712  4.19422802353
0.02714  4.19582563529
0.02716  4.19742324706
0.02718  4.19902085882
0.0272  4.20061847059
0.02722  4.20221608235
0.02724  4.20381369412
0.02726  4.20541130588
0.02728  4.20700891765
0.0273  4.20860652941
0.02732  4.21020414118
0.02734  4.21180175294
0.02736  4.21339936471
0.02738  4.21499697647
0.0274  4.21659458824
0.02742  4.2181922
0.02744  4.21978981176
0.02746  4.22138742353
0.02748  4.22298503529
0.0275  4.22458264706
0.02752  4.22618025882
0.02754  4.22777787059
0.02756  4.22937548235
0.02758  4.23097309412
0.0276  4.23257070588
0.02762  4.23416831765
0.02764  4.23576592941
0.02766  4.23736354118
0.02768  4.23896115294
0.0277  4.24055876471
0.02772  4.24215637647
0.02774  4.24375398824
0.02776  4.2453516
0.02778  4.24694921176
0.0278  4.24854682353
0.02782  4.25014443529
0.02784  4.25174204706
0.02786  4.25333965882
0.02788  4.25493727059
0.0279  4.25653488235
0.02792  4.25813249412
0.02794  4.25973010588
0.02796  4.26132771765
0.02798  4.26292532941
0.028  4.26452294118
0.02802  4.26612055294
0.02804  4.26771816471
0.02806  4.26931577647
0.02808  4.27091338824
0.0281  4.272511
0.02812  4.27410861176
0.02814  4.27570622353
0.02816  4.27730383529
0.02818  4.27890144706
0.0282  4.28049905882
0.02822  4.28209667059
0.02824  4.28369428235
0.02826  4.28529189412
0.02828  4.28688950588
0.0283  4.28848711765
0.02832  4.29008472941
0.02834  4.29168234118
0.02836  4.29327995294
0.02838  4.29487756471
0.0284  4.29647517647
0.02842  4.29807278824
0.02844  4.2996704
0.02846  4.30126801176
0.02848  4.30286562353
0.0285  4.30446323529
0.02852  4.30606084706
0.02854  4.30765845882
0.02856  4.30925607059
0.02858  4.31085368235
0.0286  4.31245129412
0.02862  4.31404890588
0.02864  4.31564651765
0.02866  4.31724412941
0.02868  4.31884174118
0.0287  4.32043935294
0.02872  4.32203696471
0.02874  4.32363457647
0.02876  4.32523218824
0.02878  4.3268298
0.0288  4.32842741176
0.02882  4.33002502353
0.02884  4.33162263529
0.02886  4.33322024706
0.02888  4.33481785882
0.0289  4.33641547059
0.02892  4.33801308235
0.02894  4.33961069412
0.02896  4.34120830588
0.02898  4.34280591765
0.029  4.34440352941
0.02902  4.34600114118
0.02904  4.34759875294
0.02906  4.34919636471
0.02908  4.35079397647
0.0291  4.35239158824
0.02912  4.3539892
0.02914  4.35558681176
0.02916  4.35718442353
0.02918  4.35878203529
0.0292  4.36037964706
0.02922  4.36197725882
0.02924  4.36357487059
0.02926  4.36517248235
0.02928  4.36677009412
0.0293  4.36836770588
0.02932  4.36996531765
0.02934  4.37156292941
0.02936  4.37316054118
0.02938  4.37475815294
0.0294  4.37635576471
0.02942  4.37795337647
0.02944  4.37955098824
0.02946  4.3811486
0.02948  4.38274621176
0.0295  4.38434382353
0.02952  4.38594143529
0.02954  4.38753904706
0.02956  4.38913665882
0.02958  4.39073427059
0.0296  4.39233188235
0.02962  4.39392949412
0.02964  4.39552710588
0.02966  4.39712471765
0.02968  4.39872232941
0.0297  4.40031994118
0.02972  4.40191755294
0.02974  4.40351516471
0.02976  4.40511277647
0.02978  4.40671038824
0.0298  4.408308
0.02982  4.40990561176
0.02984  4.41150322353
0.02986  4.41310083529
0.02988  4.41469844706
0.0299  4.41629605882
0.02992  4.41789367059
0.02994  4.41949128235
0.02996  4.42108889412
0.02998  4.42268650588
0.03  4.42428411765
0.03002  4.42588172941
0.03004  4.42747934118
0.03006  4.42907695294
0.03008  4.43067456471
0.0301  4.43227217647
0.03012  4.43386978824
0.03014  4.4354674
0.03016  4.43706501176
0.03018  4.43866262353
0.0302  4.44026023529
0.03022  4.44185784706
0.03024  4.44345545882
0.03026  4.44505307059
0.03028  4.44665068235
0.0303  4.44824829412
0.03032  4.44984590588
0.03034  4.45144351765
0.03036  4.45304112941
0.03038  4.45463874118
0.0304  4.45623635294
0.03042  4.45783396471
0.03044  4.45943157647
0.03046  4.46102918824
0.03048  4.4626268
0.0305  4.46422441176
0.03052  4.46582202353
0.03054  4.46741963529
0.03056  4.46901724706
0.03058  4.47061485882
0.0306  4.47221247059
0.03062  4.47381008235
0.03064  4.47540769412
0.03066  4.47700530588
0.03068  4.47860291765
0.0307  4.48020052941
0.03072  4.48179814118
0.03074  4.48339575294
0.03076  4.48499336471
0.03078  4.48659097647
0.0308  4.48818858824
0.03082  4.4897862
0.03084  4.49138381176
0.03086  4.49298142353
0.03088  4.49457903529
0.0309  4.49617664706
0.03092  4.49777425882
0.03094  4.49937187059
0.03096  4.50096948235
0.03098  4.50256709412
0.031  4.50416470588
0.03102  4.50576231765
0.03104  4.50735992941
0.03106  4.50895754118
0.03108  4.51055515294
0.0311  4.51215276471
0.03112  4.51375037647
0.03114  4.51534798824
0.03116  4.5169456
0.03118  4.51854321176
0.0312  4.52014082353
0.03122  4.52173843529
0.03124  4.52333604706
0.03126  4.52493365882
0.03128  4.52653127059
0.0313  4.52812888235
0.03132  4.52972649412
0.03134  4.53132410588
0.03136  4.53292171765
0.03138  4.53451932941
0.0314  4.53611694118
0.03142  4.53771455294
0.03144  4.53931216471
0.03146  4.54090977647
0.03148  4.54250738824
0.0315  4.544105
0.03152  4.54570261176
0.03154  4.54730022353
0.03156  4.54889783529
0.03158  4.55049544706
0.0316  4.55209305882
0.03162  4.55369067059
0.03164  4.55528828235
0.03166  4.55688589412
0.03168  4.55848350588
0.0317  4.56008111765
0.03172  4.56167872941
0.03174  4.56327634118
0.03176  4.56487395294
0.03178  4.56647156471
0.0318  4.56806917647
0.03182  4.56966678824
0.03184  4.5712644
0.03186  4.57286201176
0.03188  4.57445962353
0.0319  4.57605723529
0.03192  4.57765484706
0.03194  4.57925245882
0.03196  4.58085007059
0.03198  4.58244768235
0.032  4.58404529412
0.03202  4.58564290588
0.03204  4.58724051765
0.03206  4.58883812941
0.03208  4.59043574118
0.0321  4.59203335294
0.03212  4.59363096471
0.03214  4.59522857647
0.03216  4.59682618824
0.03218  4.5984238
0.0322  4.60002141176
0.03222  4.60161902353
0.03224  4.60321663529
0.03226  4.60481424706
0.03228  4.60641185882
0.0323  4.60800947059
0.03232  4.60960708235
0.03234  4.61120469412
0.03236  4.61280230588
0.03238  4.61439991765
0.0324  4.61599752941
0.03242  4.61759514118
0.03244  4.61919275294
0.03246  4.62079036471
0.03248  4.62238797647
0.0325  4.62398558824
0.03252  4.6255832
0.03254  4.62718081176
0.03256  4.62877842353
0.03258  4.63037603529
0.0326  4.63197364706
0.03262  4.63357125882
0.03264  4.63516887059
0.03266  4.63676648235
0.03268  4.63836409412
0.0327  4.63996170588
0.03272  4.64155931765
0.03274  4.64315692941
0.03276  4.64475454118
0.03278  4.64635215294
0.0328  4.64794976471
0.03282  4.64954737647
0.03284  4.65114498824
0.03286  4.6527426
0.03288  4.65434021176
0.0329  4.65593782353
0.03292  4.65753543529
0.03294  4.65913304706
0.03296  4.66073065882
0.03298  4.66232827059
0.033  4.66392588235
0.03302  4.66552349412
0.03304  4.66712110588
0.03306  4.66871871765
0.03308  4.67031632941
0.0331  4.67191394118
0.03312  4.67351155294
0.03314  4.67510916471
0.03316  4.67670677647
0.03318  4.67830438824
0.0332  4.679902
0.03322  4.68149961176
0.03324  4.68309722353
0.03326  4.68469483529
0.03328  4.68629244706
0.0333  4.68789005882
0.03332  4.68948767059
0.03334  4.69108528235
0.03336  4.69268289412
0.03338  4.69428050588
0.0334  4.69587811765
0.03342  4.69747572941
0.03344  4.69907334118
0.03346  4.70067095294
0.03348  4.70226856471
0.0335  4.70386617647
0.03352  4.70546378824
0.03354  4.7070614
0.03356  4.70865901176
0.03358  4.71025662353
0.0336  4.71185423529
0.03362  4.71345184706
0.03364  4.71504945882
0.03366  4.71664707059
0.03368  4.71824468235
0.0337  4.71984229412
0.03372  4.72143990588
0.03374  4.72303751765
0.03376  4.72463512941
0.03378  4.72623274118
0.0338  4.72783035294
0.03382  4.72942796471
0.03384  4.73102557647
0.03386  4.73262318824
0.03388  4.7342208
0.0339  4.73581841176
0.03392  4.73741602353
0.03394  4.73901363529
0.03396  4.74061124706
0.03398  4.74220885882
0.034  4.74380647059
0.03402  4.74540408235
0.03404  4.74700169412
0.03406  4.74859930588
0.03408  4.75019691765
0.0341  4.75179452941
0.03412  4.75339214118
0.03414  4.75498975294
0.03416  4.75658736471
0.03418  4.75818497647
0.0342  4.75978258824
0.03422  4.7613802
0.03424  4.76297781176
0.03426  4.76457542353
0.03428  4.76617303529
0.0343  4.76777064706
0.03432  4.76936825882
0.03434  4.77096587059
0.03436  4.77256348235
0.03438  4.77416109412
0.0344  4.77575870588
0.03442  4.77735631765
0.03444  4.77895392941
0.03446  4.78055154118
0.03448  4.78214915294
0.0345  4.78374676471
0.03452  4.78534437647
0.03454  4.78694198824
0.03456  4.7885396
0.03458  4.79013721176
0.0346  4.79173482353
0.03462  4.79333243529
0.03464  4.79493004706
0.03466  4.79652765882
0.03468  4.79812527059
0.0347  4.79972288235
0.03472  4.80132049412
0.03474  4.80291810588
0.03476  4.80451571765
0.03478  4.80611332941
0.0348  4.80771094118
0.03482  4.80930855294
0.03484  4.81090616471
0.03486  4.81250377647
0.03488  4.81410138824
0.0349  4.815699
0.03492  4.81729661176
0.03494  4.81889422353
0.03496  4.82049183529
0.03498  4.82208944706
0.035  4.82368705882
0.03502  4.82528467059
0.03504  4.82688228235
0.03506  4.82847989412
0.03508  4.83007750588
0.0351  4.83167511765
0.03512  4.83327272941
0.03514  4.83487034118
0.03516  4.83646795294
0.03518  4.83806556471
0.0352  4.83966317647
0.03522  4.84126078824
0.03524  4.8428584
0.03526  4.84445601176
0.03528  4.84605362353
0.0353  4.84765123529
0.03532  4.84924884706
0.03534  4.85084645882
0.03536  4.85244407059
0.03538  4.85404168235
0.0354  4.85563929412
0.03542  4.85723690588
0.03544  4.85883451765
0.03546  4.86043212941
0.03548  4.86202974118
0.0355  4.86362735294
0.03552  4.86522496471
0.03554  4.86682257647
0.03556  4.86842018824
0.03558  4.8700178
0.0356  4.87161541176
0.03562  4.87321302353
0.03564  4.87481063529
0.03566  4.87640824706
0.03568  4.87800585882
0.0357  4.87960347059
0.03572  4.88120108235
0.03574  4.88279869412
0.03576  4.88439630588
0.03578  4.88599391765
0.0358  4.88759152941
0.03582  4.88918914118
0.03584  4.89078675294
0.03586  4.89238436471
0.03588  4.89398197647
0.0359  4.89557958824
0.03592  4.8971772
0.03594  4.89877481176
0.03596  4.90037242353
0.03598  4.90197003529
0.036  4.90356764706
0.03602  4.90516525882
0.03604  4.90676287059
0.03606  4.90836048235
0.03608  4.90995809412
0.0361  4.91155570588
0.03612  4.91315331765
0.03614  4.91475092941
0.03616  4.91634854118
0.03618  4.91794615294
0.0362  4.91954376471
0.03622  4.92114137647
0.03624  4.92273898824
0.03626  4.9243366
0.03628  4.92593421176
0.0363  4.92753182353
0.03632  4.92912943529
0.03634  4.93072704706
0.03636  4.93232465882
0.03638  4.93392227059
0.0364  4.93551988235
0.03642  4.93711749412
0.03644  4.93871510588
0.03646  4.94031271765
0.03648  4.94191032941
0.0365  4.94350794118
0.03652  4.94510555294
0.03654  4.94670316471
0.03656  4.94830077647
0.03658  4.94989838824
0.0366  4.951496
0.03662  4.95309361176
0.03664  4.95469122353
0.03666  4.95628883529
0.03668  4.95788644706
0.0367  4.95948405882
0.03672  4.96108167059
0.03674  4.96267928235
0.03676  4.96427689412
0.03678  4.96587450588
0.0368  4.96747211765
0.03682  4.96906972941
0.03684  4.97066734118
0.03686  4.97226495294
0.03688  4.97386256471
0.0369  4.97546017647
0.03692  4.97705778824
0.03694  4.9786554
0.03696  4.98025301176
0.03698  4.98185062353
0.037  4.98344823529
0.03702  4.98504584706
0.03704  4.98664345882
0.03706  4.98824107059
0.03708  4.98983868235
0.0371  4.99143629412
0.03712  4.99303390588
0.03714  4.99463151765
0.03716  4.99622912941
0.03718  4.99782674118
0.0372  4.99942435294
0.03722  5.00102196471
0.03724  5.00261957647
0.03726  5.00421718824
0.03728  5.0058148
0.0373  5.00741241176
0.03732  5.00901002353
0.03734  5.01060763529
0.03736  5.01220524706
0.03738  5.01380285882
0.0374  5.01540047059
0.03742  5.01699808235
0.03744  5.01859569412
0.03746  5.02019330588
0.03748  5.02179091765
0.0375  5.02338852941
0.03752  5.02498614118
0.03754  5.02658375294
0.03756  5.02818136471
0.03758  5.02977897647
0.0376  5.03137658824
0.03762  5.0329742
0.03764  5.03457181176
0.03766  5.03616942353
0.03768  5.03776703529
0.0377  5.03936464706
0.03772  5.04096225882
0.03774  5.04255987059
0.03776  5.04415748235
0.03778  5.04575509412
0.0378  5.04735270588
0.03782  5.04895031765
0.03784  5.05054792941
0.03786  5.05214554118
0.03788  5.05374315294
0.0379  5.05534076471
0.03792  5.05693837647
0.03794  5.05853598824
0.03796  5.0601336
0.03798  5.06173121176
0.038  5.06332882353
0.03802  5.06492643529
0.03804  5.06652404706
0.03806  5.06812165882
0.03808  5.06971927059
0.0381  5.07131688235
0.03812  5.07291449412
0.03814  5.07451210588
0.03816  5.07610971765
0.03818  5.07770732941
0.0382  5.07930494118
0.03822  5.08090255294
0.03824  5.08250016471
0.03826  5.08409777647
0.03828  5.08569538824
0.0383  5.087293
0.03832  5.08889061176
0.03834  5.09048822353
0.03836  5.09208583529
0.03838  5.09368344706
0.0384  5.09528105882
0.03842  5.09687867059
0.03844  5.09847628235
0.03846  5.10007389412
0.03848  5.10167150588
0.0385  5.10326911765
0.03852  5.10486672941
0.03854  5.10646434118
0.03856  5.10806195294
0.03858  5.10965956471
0.0386  5.11125717647
0.03862  5.11285478824
0.03864  5.1144524
0.03866  5.11605001176
0.03868  5.11764762353
0.0387  5.11924523529
0.03872  5.12084284706
0.03874  5.12244045882
0.03876  5.12403807059
0.03878  5.12563568235
0.0388  5.12723329412
0.03882  5.12883090588
0.03884  5.13042851765
0.03886  5.13202612941
0.03888  5.13362374118
0.0389  5.13522135294
0.03892  5.13681896471
0.03894  5.13841657647
0.03896  5.14001418824
0.03898  5.1416118
0.039  5.14320941176
0.03902  5.14480702353
0.03904  5.14640463529
0.03906  5.14800224706
0.03908  5.14959985882
0.0391  5.15119747059
0.03912  5.15279508235
0.03914  5.15439269412
0.03916  5.15599030588
0.03918  5.15758791765
0.0392  5.15918552941
0.03922  5.16078314118
0.03924  5.16238075294
0.03926  5.16397836471
0.03928  5.16557597647
0.0393  5.16717358824
0.03932  5.1687712
0.03934  5.17036881176
0.03936  5.17196642353
0.03938  5.17356403529
0.0394  5.17516164706
0.03942  5.17675925882
0.03944  5.17835687059
0.03946  5.17995448235
0.03948  5.18155209412
0.0395  5.18314970588
0.03952  5.18474731765
0.03954  5.18634492941
0.03956  5.18794254118
0.03958  5.18954015294
0.0396  5.19113776471
0.03962  5.19273537647
0.03964  5.19433298824
0.03966  5.1959306
0.03968  5.19752821176
0.0397  5.19912582353
0.03972  5.20072343529
0.03974  5.20232104706
0.03976  5.20391865882
0.03978  5.20551627059
0.0398  5.20711388235
0.03982  5.20871149412
0.03984  5.21030910588
0.03986  5.21190671765
0.03988  5.21350432941
0.0399  5.21510194118
0.03992  5.21669955294
0.03994  5.21829716471
0.03996  5.21989477647
0.03998  5.22149238824
0.04  5.22309
0.04002  6.24817
0.04004  7.47784
0.04006  8.94538
0.04008  10.6961
0.0401  12.8012
0.04012  15.3135
0.04014  18.319
0.04016  21.9143
0.04018  26.2271
0.0402  31.3744
0.04022  37.532
0.04024  44.898
0.04026  53.7341
0.04028  64.2507
0.0403  76.8606
0.04032  91.9871
0.04034  109.99
0.04036  131.637
0.04038  157.472
0.0404  188.377
0.04042  225.348
0.04044  269.574
0.04046  322.334
0.04048  385.595
0.0405  461.272
0.04052  552.052
0.04054  659.796
0.04056  789.288
0.04058  944.623
0.0406  1130.01
0.04062  1352.41
0.04064  1617.83
0.04066  1820.09
0.04068  2008.89
0.0407  2173.34
0.04072  2290.04
0.04074  2335.27
0.04076  2381.39
0.04078  2351.25
0.0408  2275.51
0.04082  2158.57
0.04084  1981.66
0.04086  1820.09
0.04088  1595.9
0.0409  1391.09
0.04092  1196.67
0.04094  1009.02
0.04096  845.397
0.04098  699.032
0.041  566.809
0.04102  468.46
0.04104  382.451
0.04106  308.142
0.04108  251.567
0.0411  206.692
0.04112  170.828
0.04114  141.252
0.04116  116.796
0.04118  97.8121
0.0412  80.9508
0.04122  68.693
0.04124  57.9215
0.04126  50.4651
0.04128  42.8626
0.0413  37.3448
0.04132  32.3306
0.04134  28.5425
0.04136  24.8679
0.04138  22.2356
0.0414  19.909
0.04142  17.7935
0.04144  16.1358
0.04146  14.5266
0.04148  13.3361
0.0415  12.3326
0.04152  11.3942
0.04154  10.6041
0.04156  9.9319
0.04158  9.42578
0.0416  8.7642
0.04162  8.3707
0.04164  7.89373
0.04166  7.49142
0.04168  7.20408
0.0417  6.83386
0.04172  6.65594
0.04174  6.40061
0.04176  6.19441
0.04178  5.95407
0.0418  5.72566
0.04182  5.54121
0.04184  5.39941
0.04186  5.32625
0.04188  5.18991
0.0419  5.0548
0.04192  4.95467
0.04194  4.85871
0.04196  4.7646
0.04198  4.67232
0.042  4.58182
0.04202  4.58182
0.04204  4.52386
0.04206  4.49311
0.04208  4.34636
0.0421  4.34636
0.04212  4.29137
0.04214  4.26217
0.04216  4.20825
0.04218  4.2332
0.0422  4.17965
0.04222  4.12487
0.04224  4.07083
0.04226  4.0987
0.04228  4.07083
0.0423  4.07083
0.04232  3.99199
0.04234  4.01931
0.04236  4.01931
0.04238  4.01931
0.0424  3.96666
0.04242  3.96666
0.04244  3.91467
0.04246  3.91467
0.04248  3.93967
0.0425  3.88806
0.04252  3.88806
0.04254  3.93967
0.04256  3.91467
0.04258  3.91467
0.0426  3.91467
0.04262  3.88806
0.04264  3.88806
0.04266  3.88806
0.04268  3.86512
0.0427  3.91467
0.04272  3.88806
0.04274  3.91467
0.04276  3.88806
0.04278  3.88806
0.0428  3.86512
0.04282  3.88806
0.04284  3.83885
0.04286  3.83885
0.04288  3.91467
0.0429  3.83885
0.04292  3.88806
0.04294  3.86512
0.04296  3.88806
0.04298  3.91467
0.043  3.86512
0.04302  3.86671761176
0.04304  3.86831522353
0.04306  3.86991283529
0.04308  3.87151044706
0.0431  3.87310805882
0.04312  3.87470567059
0.04314  3.87630328235
0.04316  3.87790089412
0.04318  3.87949850588
0.0432  3.88109611765
0.04322  3.88269372941
0.04324  3.88429134118
0.04326  3.88588895294
0.04328  3.88748656471
0.0433  3.88908417647
0.04332  3.89068178824
0.04334  3.8922794
0.04336  3.89387701176
0.04338  3.89547462353
0.0434  3.89707223529
0.04342  3.89866984706
0.04344  3.90026745882
0.04346  3.90186507059
0.04348  3.90346268235
0.0435  3.90506029412
0.04352  3.90665790588
0.04354  3.90825551765
0.04356  3.90985312941
0.04358  3.91145074118
0.0436  3.91304835294
0.04362  3.91464596471
0.04364  3.91624357647
0.04366  3.91784118824
0.04368  3.9194388
0.0437  3.92103641176
0.04372  3.92263402353
0.04374  3.92423163529
0.04376  3.92582924706
0.04378  3.92742685882
0.0438  3.92902447059
0.04382  3.93062208235
0.04384  3.93221969412
0.04386  3.93381730588
0.04388  3.93541491765
0.0439  3.93701252941
0.04392  3.93861014118
0.04394  3.94020775294
0.04396  3.94180536471
0.04398  3.94340297647
0.044  3.94500058824
0.04402  3.9465982
0.04404  3.94819581176
0.04406  3.94979342353
0.04408  3.95139103529
0.0441  3.95298864706
0.04412  3.95458625882
0.04414  3.95618387059
0.04416  3.95778148235
0.04418  3.95937909412
0.0442  3.96097670588
0.04422  3.96257431765
0.04424  3.96417192941
0.04426  3.96576954118
0.04428  3.96736715294
0.0443  3.96896476471
0.04432  3.97056237647
0.04434  3.97215998824
0.04436  3.9737576
0.04438  3.97535521176
0.0444  3.97695282353
0.04442  3.97855043529
0.04444  3.98014804706
0.04446  3.98174565882
0.04448  3.98334327059
0.0445  3.98494088235
0.04452  3.98653849412
0.04454  3.98813610588
0.04456  3.98973371765
0.04458  3.99133132941
0.0446  3.99292894118
0.04462  3.99452655294
0.04464  3.99612416471
0.04466  3.99772177647
0.04468  3.99931938824
0.0447  4.000917
0.04472  4.00251461176
0.04474  4.00411222353
0.04476  4.00570983529
0.04478  4.00730744706
0.0448  4.00890505882
0.04482  4.01050267059
0.04484  4.01210028235
0.04486  4.01369789412
0.04488  4.01529550588
0.0449  4.01689311765
0.04492  4.01849072941
0.04494  4.02008834118
0.04496  4.02168595294
0.04498  4.02328356471
0.045  4.02488117647
0.04502  4.02647878824
0.04504  4.0280764
0.04506  4.02967401176
0.04508  4.03127162353
0.0451  4.03286923529
0.04512  4.03446684706
0.04514  4.03606445882
0.04516  4.03766207059
0.04518  4.03925968235
0.0452  4.04085729412
0.04522  4.04245490588
0.04524  4.04405251765
0.04526  4.04565012941
0.04528  4.04724774118
0.0453  4.04884535294
0.04532  4.05044296471
0.04534  4.05204057647
0.04536  4.05363818824
0.04538  4.0552358
0.0454  4.05683341176
0.04542  4.05843102353
0.04544  4.06002863529
0.04546  4.06162624706
0.04548  4.06322385882
0.0455  4.06482147059
0.04552  4.06641908235
0.04554  4.06801669412
0.04556  4.06961430588
0.04558  4.07121191765
0.0456  4.07280952941
0.04562  4.07440714118
0.04564  4.07600475294
0.04566  4.07760236471
0.04568  4.07919997647
0.0457  4.08079758824
0.04572  4.0823952
0.04574  4.08399281176
0.04576  4.08559042353
0.04578  4.08718803529
0.0458  4.08878564706
0.04582  4.09038325882
0.04584  4.09198087059
0.04586  4.09357848235
0.04588  4.09517609412
0.0459  4.09677370588
0.04592  4.09837131765
0.04594  4.09996892941
0.04596  4.10156654118
0.04598  4.10316415294
0.046  4.10476176471
0.04602  4.10635937647
0.04604  4.10795698824
0.04606  4.1095546
0.04608  4.11115221176
0.0461  4.11274982353
0.04612  4.11434743529
0.04614  4.11594504706
0.04616  4.11754265882
0.04618  4.11914027059
0.0462  4.12073788235
0.04622  4.12233549412
0.04624  4.12393310588
0.04626  4.12553071765
0.04628  4.12712832941
0.0463  4.12872594118
0.04632  4.13032355294
0.04634  4.13192116471
0.04636  4.13351877647
0.04638  4.13511638824
0.0464  4.136714
0.04642  4.13831161176
0.04644  4.13990922353
0.04646  4.14150683529
0.04648  4.14310444706
0.0465  4.14470205882
0.04652  4.14629967059
0.04654  4.14789728235
0.04656  4.14949489412
0.04658  4.15109250588
0.0466  4.15269011765
0.04662  4.15428772941
0.04664  4.15588534118
0.04666  4.15748295294
0.04668  4.15908056471
0.0467  4.16067817647
0.04672  4.16227578824
0.04674  4.1638734
0.04676  4.16547101176
0.04678  4.16706862353
0.0468  4.16866623529
0.04682  4.17026384706
0.04684  4.17186145882
0.04686  4.17345907059
0.04688  4.17505668235
0.0469  4.17665429412
0.04692  4.17825190588
0.04694  4.17984951765
0.04696  4.18144712941
0.04698  4.18304474118
0.047  4.18464235294
0.04702  4.18623996471
0.04704  4.18783757647
0.04706  4.18943518824
0.04708  4.1910328
0.0471  4.19263041176
0.04712  4.19422802353
0.04714  4.19582563529
0.04716  4.19742324706
0.04718  4.19902085882
0.0472  4.20061847059
0.04722  4.20221608235
0.04724  4.20381369412
0.04726  4.20541130588
0.04728  4.20700891765
0.0473  4.20860652941
0.04732  4.21020414118
0.04734  4.21180175294
0.04736  4.21339936471
0.04738  4.21499697647
0.0474  4.21659458824
0.04742  4.2181922
0.04744  4.21978981176
0.04746  4.22138742353
0.04748  4.22298503529
0.0475  4.22458264706
0.04752  4.22618025882
0.04754  4.22777787059
0.04756  4.22937548235
0.04758  4.23097309412
0.0476  4.23257070588
0.04762  4.23416831765
0.04764  4.23576592941
0.04766  4.23736354118
0.04768  4.23896115294
0.0477  4.24055876471
0.04772  4.24215637647
0.04774  4.24375398824
0.04776  4.2453516
0.04778  4.24694921176
0.0478  4.24854682353
0.04782  4.25014443529
0.04784  4.25174204706
0.04786  4.25333965882
0.04788  4.25493727059
0.0479  4.25653488235
0.04792  4.25813249412
0.04794  4.25973010588
0.04796  4.26132771765
0.04798  4.26292532941
0.048  4.26452294118
0.04802  4.26612055294
0.04804  4.26771816471
0.04806  4.26931577647
0.04808  4.27091338824
0.0481  4.272511
0.04812  4.27410861176
0.04814  4.27570622353
0.04816  4.27730383529
0.04818  4.27890144706
0.0482  4.28049905882
0.04822  4.28209667059
0.04824  4.28369428235
0.04826  4.28529189412
0.04828  4.28688950588
0.0483  4.28848711765
0.04832  4.29008472941
0.04834  4.29168234118
0.04836  4.29327995294
0.04838  4.29487756471
0.0484  4.29647517647
0.04842  4.29807278824
0.04844  4.2996704
0.04846  4.30126801176
0.04848  4.30286562353
0.0485  4.30446323529
0.04852  4.30606084706
0.04854  4.30765845882
0.04856  4.30925607059
0.04858  4.31085368235
0.0486  4.31245129412
0.04862  4.31404890588
0.04864  4.31564651765
0.04866  4.31724412941
0.04868  4.31884174118
0.0487  4.32043935294
0.04872  4.32203696471
0.04874  4.32363457647
0.04876  4.32523218824
0.04878  4.3268298
0.0488  4.32842741176
0.04882  4.33002502353
0.04884  4.33162263529
0.04886  4.33322024706
0.04888  4.33481785882
0.0489  4.33641547059
0.04892  4.33801308235
0.04894  4.33961069412
0.04896  4.34120830588
0.04898  4.34280591765
0.049  4.34440352941
0.04902  4.34600114118
0.04904  4.34759875294
0.04906  4.34919636471
0.04908  4.35079397647
0.0491  4.35239158824
0.04912  4.3539892
0.04914  4.35558681176
0.04916  4.35718442353
0.04918  4.35878203529
0.0492  4.36037964706
0.04922  4.36197725882
0.04924  4.36357487059
0.04926  4.36517248235
0.04928  4.36677009412
0.0493  4.36836770588
0.04932  4.36996531765
0.04934  4.37156292941
0.04936  4.37316054118
0.04938  4.37475815294
0.0494  4.37635576471
0.04942  4.37795337647
0.04944  4.37955098824
0.04946  4.3811486
0.04948  4.38274621176
0.0495  4.38434382353
0.04952  4.38594143529
0.04954  4.38753904706
0.04956  4.38913665882
0.04958  4.39073427059
0.0496  4.39233188235
0.04962  4.39392949412
0.04964  4.39552710588
0.04966  4.39712471765
0.04968  4.39872232941
0.0497  4.40031994118
0.04972  4.40191755294
0.04974  4.40351516471
0.04976  4.40511277647
0.04978  4.40671038824
0.0498  4.408308
0.04982  4.40990561176
0.04984  4.41150322353
0.04986  4.41310083529
0.04988  4.41469844706
0.0499  4.41629605882
0.04992  4.41789367059
0.04994  4.41949128235
0.04996  4.42108889412
0.04998  4.42268650588
0.05  4.42428411765
0.05002  4.42588172941
0.05004  4.42747934118
0.05006  4.42907695294
0.05008  4.43067456471
0.0501  4.43227217647
0.05012  4.43386978824
0.05014  4.4354674
0.05016  4.43706501176
0.05018  4.43866262353
0.0502  4.44026023529
0.05022  4.44185784706
0.05024  4.44345545882
0.05026  4.44505307059
0.05028  4.44665068235
0.0503  4.44824829412
0.05032  4.44984590588
0.05034  4.45144351765
0.05036  4.45304112941
0.05038  4.45463874118
0.0504  4.45623635294
0.05042  4.45783396471
0.05044  4.45943157647
0.05046  4.46102918824
0.05048  4.4626268
0.0505  4.46422441176
0.05052  4.46582202353
0.05054  4.46741963529
0.05056  4.46901724706
0.05058  4.47061485882
0.0506  4.47221247059
0.05062  4.47381008235
0.05064  4.47540769412
0.05066  4.47700530588
0.05068  4.47860291765
0.0507  4.48020052941
0.05072  4.48179814118
0.05074  4.48339575294
0.05076  4.48499336471
0.05078  4.48659097647
0.0508  4.48818858824
0.05082  4.4897862
0.05084  4.49138381176
0.05086  4.49298142353
0.05088  4.49457903529
0.0509  4.49617664706
0.05092  4.49777425882
0.05094  4.49937187059
0.05096  4.50096948235
0.05098  4.50256709412
0.051  4.50416470588
0.05102  4.50576231765
0.05104  4.50735992941
0.05106  4.50895754118
0.05108  4.51055515294
0.0511  4.51215276471
0.05112  4.51375037647
0.05114  4.51534798824
0.05116  4.5169456
0.05118  4.51854321176
0.0512  4.52014082353
0.05122  4.52173843529
0.05124  4.52333604706
0.05126  4.52493365882
0.05128  4.52653127059
0.0513  4.52812888235
0.05132  4.52972649412
0.05134  4.53132410588
0.05136  4.53292171765
0.05138  4.53451932941
0.0514  4.53611694118
0.05142  4.53771455294
0.05144  4.53931216471
0.05146  4.54090977647
0.05148  4.54250738824
0.0515  4.544105
0.05152  4.54570261176
0.05154  4.54730022353
0.05156  4.54889783529
0.05158  4.55049544706
0.0516  4.55209305882
0.05162  4.55369067059
0.05164  4.55528828235
0.05166  4.55688589412
0.05168  4.55848350588
0.0517  4.56008111765
0.05172  4.56167872941
0.05174  4.56327634118
0.05176  4.56487395294
0.05178  4.56647156471
0.0518  4.56806917647
0.05182  4.56966678824
0.05184  4.5712644
0.05186  4.57286201176
0.05188  4.57445962353
0.0519  4.57605723529
0.05192  4.57765484706
0.05194  4.57925245882
0.05196  4.58085007059
0.05198  4.58244768235
0.052  4.58404529412
0.05202  4.58564290588
0.05204  4.58724051765
0.05206  4.58883812941
0.05208  4.59043574118
0.0521  4.59203335294
0.05212  4.59363096471
0.05214  4.59522857647
0.05216  4.59682618824
0.05218  4.5984238
0.0522  4.60002141176
0.05222  4.60161902353
0.05224  4.60321663529
0.05226  4.60481424706
0.05228  4.60641185882
0.0523  4.60800947059
0.05232  4.60960708235
0.05234  4.61120469412
0.05236  4.61280230588
0.05238  4.61439991765
0.0524  4.61599752941
0.05242  4.61759514118
0.05244  4.61919275294
0.05246  4.62079036471
0.05248  4.62238797647
0.0525  4.62398558824
0.05252  4.6255832
0.05254  4.62718081176
0.05256  4.62877842353
0.05258  4.63037603529
0.0526  4.63197364706
0.05262  4.63357125882
0.05264  4.63516887059
0.05266  4.63676648235
0.05268  4.63836409412
0.0527  4.63996170588
0.05272  4.64155931765
0.05274  4.64315692941
0.05276  4.64475454118
0.05278  4.64635215294
0.0528  4.64794976471
0.05282  4.64954737647
0.05284  4.65114498824
0.05286  4.6527426
0.05288  4.65434021176
0.0529  4.65593782353
0.05292  4.65753543529
0.05294  4.65913304706
0.05296  4.66073065882
0.05298  4.66232827059
0.053  4.66392588235
0.05302  4.66552349412
0.05304  4.66712110588
0.05306  4.66871871765
0.05308  4.67031632941
0.0531  4.67191394118
0.05312  4.67351155294
0.05314  4.67510916471
0.05316  4.67670677647
0.05318  4.67830438824
0.0532  4.679902
0.05322  4.68149961176
0.05324  4.68309722353
0.05326  4.68469483529
0.05328  4.68629244706
0.0533  4.68789005882
0.05332  4.68948767059
0.05334  4.69108528235
0.05336  4.69268289412
0.05338  4.69428050588
0.0534  4.69587811765
0.05342  4.69747572941
0.05344  4.69907334118
0.05346  4.70067095294
0.05348  4.70226856471
0.0535  4.70386617647
0.05352  4.70546378824
0.05354  4.7070614
0.05356  4.70865901176
0.05358  4.71025662353
0.0536  4.71185423529
0.05362  4.71345184706
0.05364  4.71504945882
0.05366  4.71664707059
0.05368  4.71824468235
0.0537  4.71984229412
0.05372  4.72143990588
0.05374  4.72303751765
0.05376  4.72463512941
0.05378  4.72623274118
0.0538  4.72783035294
0.05382  4.72942796471
0.05384  4.73102557647
0.05386  4.73262318824
0.05388  4.7342208
0.0539  4.73581841176
0.05392  4.73741602353
0.05394  4.73901363529
0.05396  4.74061124706
0.05398  4.74220885882
0.054  4.74380647059
0.05402  4.74540408235
0.05404  4.74700169412
0.05406  4.74859930588
0.05408  4.75019691765
0.0541  4.75179452941
0.05412  4.75339214118
0.05414  4.75498975294
0.05416  4.75658736471
0.05418  4.75818497647
0.0542  4.75978258824
0.05422  4.7613802
0.05424  4.76297781176
0.05426  4.76457542353
0.05428  4.76617303529
0.0543  4.76777064706
0.05432  4.76936825882
0.05434  4.77096587059
0.05436  4.77256348235
0.05438  4.77416109412
0.0544  4.77575870588
0.05442  4.77735631765
0.05444  4.77895392941
0.05446  4.78055154118
0.05448  4.78214915294
0.0545  4.78374676471
0.05452  4.78534437647
0.05454  4.78694198824
0.05456  4.7885396
0.05458  4.79013721176
0.0546  4.79173482353
0.05462  4.79333243529
0.05464  4.79493004706
0.05466  4.79652765882
0.05468  4.79812527059
0.0547  4.79972288235
0.05472  4.80132049412
0.05474  4.80291810588
0.05476  4.80451571765
0.05478  4.80611332941
0.0548  4.80771094118
0.05482  4.80930855294
0.05484  4.81090616471
0.05486  4.81250377647
0.05488  4.81410138824
0.0549  4.815699
0.05492  4.81729661176
0.05494  4.81889422353
0.05496  4.82049183529
0.05498  4.82208944706
0.055  4.82368705882
0.05502  4.82528467059
0.05504  4.82688228235
0.05506  4.82847989412
0.05508  4.83007750588
0.0551  4.83167511765
0.05512  4.83327272941
0.05514  4.83487034118
0.05516  4.83646795294
0.05518  4.83806556471
0.0552  4.83966317647
0.05522  4.84126078824
0.05524  4.8428584
0.05526  4.84445601176
0.05528  4.84605362353
0.0553  4.84765123529
0.05532  4.84924884706
0.05534  4.85084645882
0.05536  4.85244407059
0.05538  4.85404168235
0.0554  4.85563929412
0.05542  4.85723690588
0.05544  4.85883451765
0.05546  4.86043212941
0.05548  4.86202974118
0.0555  4.86362735294
0.05552  4.86522496471
0.05554  4.86682257647
0.05556  4.86842018824
0.05558  4.8700178
0.0556  4.87161541176
0.05562  4.87321302353
0.05564  4.87481063529
0.05566  4.87640824706
0.05568  4.87800585882
0.0557  4.87960347059
0.05572  4.88120108235
0.05574  4.88279869412
0.05576  4.88439630588
0.05578  4.88599391765
0.0558  4.88759152941
0.05582  4.88918914118
0.05584  4.89078675294
0.05586  4.89238436471
0.05588  4.89398197647
0.0559  4.89557958824
0.05592  4.8971772
0.05594  4.89877481176
0.05596  4.90037242353
0.05598  4.90197003529
0.056  4.90356764706
0.05602  4.90516525882
0.05604  4.90676287059
0.05606  4.90836048235
0.05608  4.90995809412
0.0561  4.91155570588
0.05612  4.91315331765
0.05614  4.91475092941
0.05616  4.91634854118
0.05618  4.91794615294
0.0562  4.91954376471
0.05622  4.92114137647
0.05624  4.92273898824
0.05626  4.9243366
0.05628  4.92593421176
0.0563  4.92753182353
0.05632  4.92912943529
0.05634  4.93072704706
0.05636  4.93232465882
0.05638  4.93392227059
0.0564  4.93551988235
0.05642  4.93711749412
0.05644  4.93871510588
0.05646  4.94031271765
0.05648  4.94191032941
0.0565  4.94350794118
0.05652  4.94510555294
0.05654  4.94670316471
0.05656  4.94830077647
0.05658  4.94989838824
0.0566  4.951496
0.05662  4.95309361176
0.05664  4.95469122353
0.05666  4.95628883529
0.05668  4.95788644706
0.0567  4.95948405882
0.05672  4.96108167059
0.05674  4.96267928235
0.05676  4.96427689412
0.05678  4.96587450588
0.0568  4.96747211765
0.05682  4.96906972941
0.05684  4.97066734118
0.05686  4.97226495294
0.05688  4.97386256471
0.0569  4.97546017647
0.05692  4.97705778824
0.05694  4.9786554
0.05696  4.98025301176
0.05698  4.98185062353
0.057  4.98344823529
0.05702  4.98504584706
0.05704  4.98664345882
0.05706  4.98824107059
0.05708  4.98983868235
0.0571  4.99143629412
0.05712  4.99303390588
0.05714  4.99463151765
0.05716  4.99622912941
0.05718  4.99782674118
0.0572  4.99942435294
0.05722  5.00102196471
0.05724  5.00261957647
0.05726  5.00421718824
0.05728  5.0058148
0.0573  5.00741241176
0.05732  5.00901002353
0.05734  5.01060763529
0.05736  5.01220524706
0.05738  5.01380285882
0.0574  5.01540047059
0.05742  5.01699808235
0.05744  5.01859569412
0.05746  5.02019330588
0.05748  5.02179091765
0.0575  5.02338852941
0.05752  5.02498614118
0.05754  5.02658375294
0.05756  5.02818136471
0.05758  5.02977897647
0.0576  5.03137658824
0.05762  5.0329742
0.05764  5.03457181176
0.05766  5.03616942353
0.05768  5.03776703529
0.0577  5.03936464706
0.05772  5.04096225882
0.05774  5.04255987059
0.05776  5.04415748235
0.05778  5.04575509412
0.0578  5.04735270588
0.05782  5.04895031765
0.05784  5.05054792941
0.05786  5.05214554118
0.05788  5.05374315294
0.0579  5.05534076471
0.05792  5.05693837647
0.05794  5.05853598824
0.05796  5.0601336
0.05798  5.06173121176
0.058  5.06332882353
0.05802  5.06492643529
0.05804  5.06652404706
0.05806  5.06812165882
0.05808  5.06971927059
0.0581  5.07131688235
0.05812  5.07291449412
0.05814  5.07451210588
0.05816  5.07610971765
0.05818  5.07770732941
0.0582  5.07930494118
0.05822  5.08090255294
0.05824  5.08250016471
0.05826  5.08409777647
0.05828  5.08569538824
0.0583  5.087293
0.05832  5.08889061176
0.05834  5.09048822353
0.05836  5.09208583529
0.05838  5.09368344706
0.0584  5.09528105882
0.05842  5.09687867059
0.05844  5.09847628235
0.05846  5.10007389412
0.05848  5.10167150588
0.0585  5.10326911765
0.05852  5.10486672941
0.05854  5.10646434118
0.05856  5.10806195294
0.05858  5.10965956471
0.0586  5.11125717647
0.05862  5.11285478824
0.05864  5.1144524
0.05866  5.11605001176
0.05868  5.11764762353
0.0587  5.11924523529
0.05872  5.12084284706
0.05874  5.12244045882
0.05876  5.12403807059
0.05878  5.12563568235
0.0588  5.12723329412
0.05882  5.12883090588
0.05884  5.13042851765
0.05886  5.13202612941
0.05888  5.13362374118
0.0589  5.13522135294
0.05892  5.13681896471
0.05894  5.13841657647
0.05896  5.14001418824
0.05898  5.1416118
0.059  5.14320941176
0.05902  5.14480702353
0.05904  5.14640463529
0.05906  5.14800224706
0.05908  5.14959985882
0.0591  5.15119747059
0.05912  5.15279508235
0.05914  5.15439269412
0.05916  5.15599030588
0.05918  5.15758791765
0.0592  5.15918552941
0.05922  5.16078314118
0.05924  5.16238075294
0.05926  5.16397836471
0.05928  5.16557597647
0.0593  5.16717358824
0.05932  5.1687712
0.05934  5.17036881176
0.05936  5.17196642353
0.05938  5.17356403529
0.0594  5.17516164706
0.05942  5.17675925882
0.05944  5.17835687059
0.05946  5.17995448235
0.05948  5.18155209412
0.0595  5.18314970588
0.05952  5.18474731765
0.05954  5.18634492941
0.05956  5.18794254118
0.05958  5.18954015294
0.0596  5.19113776471
0.05962  5.19273537647
0.05964  5.19433298824
0.05966  5.1959306
0.05968  5.19752821176
0.0597  5.19912582353
0.05972  5.20072343529
0.05974  5.20232104706
0.05976  5.20391865882
0.05978  5.20551627059
0.0598  5.20711388235
0.05982  5.20871149412
0.05984  5.21030910588
0.05986  5.21190671765
0.05988  5.21350432941
0.0599  5.21510194118
0.05992  5.21669955294
0.05994  5.21829716471
0.05996  5.21989477647
0.05998  5.22149238824
0.06  5.22309
0.06002  6.24817
0.06004  7.47784
0.06006  8.94538
0.06008  10.6961
0.0601  12.8012
0.06012  15.3135
0.06014  18.319
0.06016  21.9143
0.06018  26.2271
0.0602  31.3744
0.06022  37.532
0.06024  44.898
0.06026  53.7341
0.06028  64.2507
0.0603  76.8606
0.06032  91.9871
0.06034  109.99
0.06036  131.637
0.06038  157.472
0.0604  188.377
0.06042  225.348
0.06044  269.574
0.06046  322.334
0.06048  385.595
0.0605  461.272
0.06052  552.052
0.06054  659.796
0.06056  789.288
0.06058  944.623
0.0606  1130.01
0.06062  1352.41
0.06064  1617.83
0.06066  1820.09
0.06068  2008.89
0.0607  2173.34
0.06072  2290.04
0.06074  2335.27
0.06076  2381.39
0.06078  2351.25
0.0608  2275.51
0.06082  2158.57
0.06084  1981.66
0.06086  1820.09
0.06088  1595.9
0.0609  1391.09
0.06092  1196.67
0.06094  1009.02
0.06096  845.397
0.06098  699.032
0.061  566.809
0.06102  468.46
0.06104  382.451
0.06106  308.142
0.06108  251.567
0.0611  206.692
0.06112  170.828
0.06114  141.252
0.06116  116.796
0.06118  97.8121
0.0612  80.9508
0.06122  68.693
0.06124  57.9215
0.06126  50.4651
0.06128  42.8626
0.0613  37.3448
0.06132  32.3306
0.06134  28.5425
0.06136  24.8679
0.06138  22.2356
0.0614  19.909
0.06142  17.7935
0.06144  16.1358
0.06146  14.5266
0.06148  13.3361
0.0615  12.3326
0.06152  11.3942
0.06154  10.6041
0.06156  9.9319
0.06158  9.42578
0.0616  8.7642
0.06162  8.3707
0.06164  7.89373
0.06166  7.49142
0.06168  7.20408
0.0617  6.83386
0.06172  6.65594
0.06174  6.40061
0.06176  6.19441
0.06178  5.95407
0.0618  5.72566
0.06182  5.54121
0.06184  5.39941
0.06186  5.32625
0.06188  5.18991
0.0619  5.0548
0.06192  4.95467
0.06194  4.85871
0.06196  4.7646
0.06198  4.67232
0.062  4.58182
0.06202  4.58182
0.06204  4.52386
0.06206  4.49311
0.06208  4.34636
0.0621  4.34636
0.06212  4.29137
0.06214  4.26217
0.06216  4.20825
0.06218  4.2332
0.0622  4.17965
0.06222  4.12487
0.06224  4.07083
0.06226  4.0987
0.06228  4.07083
0.0623  4.07083
0.06232  3.99199
0.06234  4.01931
0.06236  4.01931
0.06238  4.01931
0.0624  3.96666
0.06242  3.96666
0.06244  3.91467
0.06246  3.91467
0.06248  3.93967
0.0625  3.88806
0.06252  3.88806
0.06254  3.93967
0.06256  3.91467
0.06258  3.91467
0.0626  3.91467
0.06262  3.88806
0.06264  3.88806
0.06266  3.88806
0.06268  3.86512
0.0627  3.91467
0.06272  3.88806
0.06274  3.91467
0.06276  3.88806
0.06278  3.88806
0.0628  3.86512
0.06282  3.88806
0.06284  3.83885
0.06286  3.83885
0.06288  3.91467
0.0629  3.83885
0.06292  3.88806
0.06294  3.86512
0.06296  3.88806
0.06298  3.91467
0.063  3.86512
